# LBvelMax,UBvelMax,LBvelMin,UBvelMin,BlowerPosition
2.074686082505612650e-01,4.828830253243822312e+00,1.269606314848903683e-01,2.112237819163482300e+00,4.796325420093142666e-01
1.857639670851643499e-01,5.745858291813739527e+00,4.662971029830112468e-03,6.992976771533743197e-01,9.751531829674363605e-01
1.259755283684050320e-01,3.805150022545338295e+00,-7.029244075441891393e-02,9.875529013002470879e-01,3.799944724976073163e-01
1.475182656486879185e-01,3.215373399276599820e+00,9.802346577420247009e-02,1.668260802138024301e+00,6.441673680511212918e-01
2.380119278252481596e-01,3.359510488155065033e+00,1.033922967222909023e-01,1.596787666682944140e+00,4.373549885873482257e-01
2.316681940786576022e-01,3.914326103641402987e+00,1.339627276073308282e-01,1.150426873132411210e+00,5.031510849950999731e-01
2.147725130741074961e-01,5.595449085261588351e+00,1.018404198334039723e-01,1.377495517159486926e+00,9.048708015111907033e-01
1.382976182736554982e-01,4.508033956222812222e+00,2.917068684123091948e-02,1.000385532969694680e+00,8.746452056853510904e-01
5.876595182126621852e-02,4.436177141365835297e+00,3.251106424310271081e-03,9.947837934931125226e-01,6.185598637843898739e-01
2.261509642581432944e-01,5.910359247814979788e+00,1.685978084547558042e-01,1.039521089223095274e+00,2.437454313032946240e-01
1.880818254065570461e-01,5.008466203414849716e+00,4.586057397126593049e-02,-6.132975601092307549e-01,4.985744693481254375e-01
1.478038220445517803e-01,2.213836638717617156e+00,1.019240953577355557e-01,1.796036259136124968e+00,2.665121416535255472e-01
2.758356181778659488e-01,5.284401241792474835e+00,8.206916112775845817e-02,1.314728503082794209e+00,1.724007014181537789e-01
2.098087969755851045e-01,4.114038335309477823e+00,9.378542439166340228e-02,1.268358728855450757e+00,8.387209770024222077e-01
2.832601276355425357e-01,3.873603904572972212e+00,8.416339521164294124e-02,1.710985144496497412e+00,1.810029136573221287e-01
1.709872652094234224e-01,4.421861915167188961e+00,7.906358936247424862e-02,3.321642523639982691e+00,3.595831402649872777e-01
1.317046877184845921e-01,3.359030262625017915e+00,1.108153712384339351e-01,1.488618995302917636e+00,8.494042887707309308e-02
1.086260403355328585e-01,4.553392114234577015e+00,3.987784217558501543e-02,1.774937685734294668e+00,3.856240813481953689e-01
1.105167152467994990e-01,4.912788651962458175e+00,-2.780107667115459813e-02,-2.267715374898138236e-01,5.225339317933275218e-02
1.835103053566319031e-01,4.294139182114664166e+00,5.603299297674607660e-02,2.398008653409653412e-01,8.650340924769150952e-01
9.919415654568529417e-02,4.692943600049220620e+00,-9.433816791545533709e-02,1.237260510559922810e+00,9.293434071476296410e-01
1.481293207351823127e-01,5.509042412092490792e+00,2.129904463370496659e-03,4.963273343639791335e-01,8.744515606160020438e-01
1.079138828392489230e-01,4.861866089772309607e+00,-9.140048400885451840e-02,2.705901847320004716e+00,8.609020488355453304e-01
5.378303763876029348e-02,3.239356865358652193e+00,-2.613673708854214600e-02,1.557459528226701417e+00,1.419902480550880863e-01
1.408779982357369898e-01,4.658968484934961296e+00,4.208293877707419695e-02,3.506262105606343660e-01,9.894912302374947455e-02
2.510332262806230230e-01,4.537498383011834946e+00,9.666892095189066891e-02,2.902234660508551389e+00,8.355647140717344934e-01
1.559373036168612281e-01,2.384005879971143660e+00,1.476717157348849951e-01,2.196808464982637599e+00,4.546839285989693336e-01
3.281174717711780181e-02,4.968496246204638922e+00,2.021144155783533014e-02,1.235102469567386230e-01,1.134866414189620309e-01
2.473736851454313990e-01,4.512670008174650249e+00,1.517352237878900612e-01,2.481777614225304518e-01,8.031013985759520857e-01
2.269244499127133219e-01,3.131773726772820510e+00,8.641037212361500630e-02,2.775175749936040326e+00,8.751413733937563055e-02
1.142574567863942347e-01,5.926968389005311977e+00,9.513479692226362028e-02,5.612013060038245627e-02,2.482276599563649766e-01
2.054400624496546257e-01,4.218917085977626158e+00,1.352944599949927884e-01,1.612570770996287539e+00,6.726997319985672519e-02
8.606976204142031961e-02,3.863429076109150095e+00,-5.551177956844903505e-02,3.662271082175019288e-01,7.534596786428657822e-01
1.530666800879444955e-01,3.822272150358543286e+00,8.277390827841485388e-04,2.554155672348242589e+00,3.017269210915750621e-01
2.266161138685677534e-01,4.874120439443906605e+00,1.474081366353200695e-01,-5.717287254978842270e-01,4.355368123396162749e-01
1.919466031295767872e-01,3.835445327759666956e+00,7.358548041847753907e-03,5.306371727985417230e-01,2.233413567741893146e-01
6.143647736495116279e-02,4.513023229062069319e+00,-5.994793956264831553e-02,2.602069866433422529e+00,6.238880947106493213e-01
2.785711320108188657e-02,4.277047723400023926e+00,2.439246382161852980e-02,2.939090455683822434e+00,7.699962248090124195e-01
1.250285247985668535e-01,3.648993102490323714e+00,3.346092761749783207e-03,1.500902120345708468e+00,7.781246635586933635e-01
2.137452307760572545e-01,4.896643428278940391e+00,1.162878553513098379e-01,5.260429883642179227e-01,3.698358987344955162e-01
6.754784246053013863e-02,6.026221502930180662e+00,3.192973402052239756e-02,1.642956223207900468e+00,6.420021832634278391e-01
1.924291255104349785e-01,4.749517559354114127e+00,4.591283183716257654e-02,6.818350791949892020e-01,4.582368240291982975e-01
8.888097756215432299e-02,4.515921783139114964e+00,-3.052807477341353687e-02,1.049854689872854463e+00,6.270530549023985989e-01
8.132843543742927783e-02,2.820807327571251300e+00,-7.405770074597740893e-02,2.509359501962286743e+00,6.464805653308034472e-01
1.607058723069842432e-01,6.023250163395744927e+00,-1.562011458831845390e-02,7.462614895452324149e-01,6.123072565202499762e-01
1.387513927054068730e-01,3.400301812002437973e+00,-1.642266452088295137e-02,2.837414149654132078e+00,8.569173546090238514e-01
1.643449723876707347e-01,2.782667709023449731e+00,6.461763963658834209e-02,1.240562986075504748e+00,3.272457299195571379e-01
1.580592491769625685e-01,6.075619337297302636e+00,5.496651076362034372e-02,1.084085465113023172e+00,3.833529760536455999e-01
1.572667444368721912e-01,6.348567112614970753e+00,1.096011860827037915e-01,8.363490784937415157e-01,2.316566151981146460e-01
2.532924619143011036e-01,5.245003500316290257e+00,1.025027852606036211e-01,1.077582394047693626e+00,6.637604811687857209e-01
1.194793353518686096e-01,6.829977173692961756e+00,-2.524523398261098450e-03,1.030169173800766114e+00,7.643910180558953771e-01
8.541563233098227459e-02,3.884891229124299628e+00,-1.581513563658562549e-02,2.682485112585460740e+00,6.053190948024474993e-01
1.294074173003722239e-01,3.752079340552800790e+00,9.850088469011128445e-02,3.189829107756045889e+00,3.206254611490076956e-01
1.548296637066074732e-01,6.033951846620011494e+00,-7.381360893406435641e-03,1.490617084831385331e+00,8.507556919088055114e-02
2.205329075386224247e-01,3.348075583395422772e+00,1.687716216686738768e-01,1.349701820774809047e+00,2.949979102525039920e-01
2.869639237662822695e-01,4.284575953143114901e+00,1.029129369844357100e-01,9.645971450242059042e-01,1.990223498235371702e-01
3.052949910923837690e-02,2.959779887175906232e+00,-2.915792504740997645e-03,1.278779419593480959e+00,3.565346968026340546e-01
2.213696133842639469e-01,5.354695942352602600e+00,7.409321112230618511e-02,1.938875780096806611e+00,3.346243212682764590e-01
4.802910108892347735e-02,4.463286211759452726e+00,3.956192138511470391e-03,8.279028997554922498e-01,5.385569313242850598e-01
1.291830084486539354e-01,4.420611028197193093e+00,-1.765304438676003340e-02,-1.863199658101777345e-02,8.023591401999922157e-01
1.621834770829738703e-01,5.683032207551256931e+00,-1.734793053734366708e-02,-9.881772204697192308e-02,8.882022490924210700e-01
2.173395303249371080e-01,5.616089824662074292e+00,3.692439187958326818e-02,1.884640870078932107e+00,7.424282568356307399e-01
8.128121003871457972e-02,5.819687955542772961e+00,7.547974558266869194e-03,1.909803023801555755e+00,5.829058900329621151e-01
1.769617518477604734e-01,3.074867537784500726e+00,1.042130130764982732e-01,2.844587083429243712e+00,2.413642044396241415e-01
8.342523072598330425e-02,5.314117262930314389e+00,3.307007509015122415e-02,7.462595708172337083e-01,1.203890374057164925e-01
1.686951806226421602e-01,2.901234650306557583e+00,1.250416061669452628e-01,2.583159935451032396e+00,9.899366550743722293e-01
2.390638935811028876e-01,6.462209315104207263e+00,7.932561632421933351e-02,1.176515994919587360e+00,4.009339761270475089e-01
1.889898451098604992e-01,6.134077028488044370e+00,8.422559228791326458e-02,1.562728695135603196e+00,8.995148246757870281e-01
1.609911899577226579e-01,3.079343034161017290e+00,2.614525210810277056e-02,2.702652914954242203e+00,7.731530188980287877e-01
1.048918487718712711e-01,5.559751208558751934e+00,-5.020243450452080425e-02,2.032989780118634293e+00,6.705664202533309082e-01
8.437391987498038537e-02,6.331889675070163648e+00,4.873052888700582508e-02,1.569966456286892242e+00,5.639263848569942006e-03
1.836350880007921738e-01,2.193984345077636178e+00,4.964686739883197863e-02,1.856695066944252348e+00,8.224790696985926353e-01
9.172386087344591710e-02,4.761424057159437950e+00,2.219201412961511327e-02,-7.101360585579894469e-01,8.074725251527525849e-01
1.834103075141826633e-01,4.144129295543693914e+00,1.468078977141151487e-01,3.586131777256674091e+00,7.547053966556688254e-01
2.128521239434064127e-01,4.758600219080737048e+00,2.369109464807019061e-02,2.655731988992191095e+00,4.271172476026203757e-01
4.079358233197847433e-02,4.208534457686614161e+00,2.732622387986814033e-02,3.099153882002126714e+00,4.134448625558229118e-01
1.296292569438099451e-01,4.931642091052557575e+00,1.130254250633922347e-01,-8.764793764308453916e-01,4.300269163662815419e-01
5.565531005115285923e-02,3.245727375388011815e+00,-3.109941187505228452e-02,2.065376396228569611e+00,7.532626670790216750e-01
1.697892350882247367e-02,5.425517355804053921e+00,-3.061312669064286673e-04,9.671633195858415633e-01,9.502045998200038257e-01
1.862583385891095067e-01,5.368477164299152449e+00,3.047974116247295640e-02,-2.969343506889283724e-01,3.930884184104446177e-01
2.432400587961264238e-01,4.469455106742571182e+00,1.049890315054730489e-01,2.431281228841721820e+00,8.494080458452136773e-01
7.315732089736178001e-02,6.177344712300348206e+00,4.393874079389352427e-02,2.996310405761444251e-01,4.812095383354775269e-02
1.377102081317926052e-01,5.392133516853771624e+00,6.446950794164335585e-02,2.342739302162358594e+00,9.932169340513550271e-01
1.220212455175286870e-01,4.890425481469192093e+00,5.709340134299486363e-02,2.954306211119105186e+00,8.643474328059963518e-02
1.458129310686131497e-01,4.324472187677513624e+00,1.173965604872451163e-01,2.864322411186766004e+00,7.576444044631769348e-01
1.860449849439617942e-01,4.570707599361567119e+00,3.069611589012369302e-02,2.743936465995977514e-02,5.977983442035110784e-01
2.415947676070062389e-01,2.367930506443596705e+00,7.286516060746009438e-02,1.721789755255274557e+00,3.125565100468943314e-01
1.176103731485011739e-01,5.429099279402089806e+00,-4.675605567803257229e-02,2.526124804266685064e+00,8.700371141978356926e-01
1.362876165424867780e-01,3.766274113576956850e+00,7.565722769232959000e-02,2.773033326307519530e+00,2.227871487286030572e-01
1.538441005117235916e-01,4.824737355026369912e+00,-1.228493054744315971e-02,1.895100958688982207e+00,9.859993430941345061e-01
1.889199096821131962e-01,3.727232057747604799e+00,6.202612907384552621e-03,1.449484647702433904e+00,7.845920730325780523e-01
1.179788138589415863e-01,5.528763820224874337e+00,6.281674764668722377e-02,4.922696974351730148e-01,1.362418580418113256e-01
8.438218595717061898e-02,5.024173247226017658e+00,-3.209140069386478417e-02,-3.675010430247889204e-01,2.317560702059880962e-01
1.744869770819716948e-01,5.592905049518545724e+00,6.226464476498147493e-02,2.334202820820561630e+00,1.066874705280875801e-01
2.078562669131371887e-01,4.522189213603695634e+00,1.252347364697101173e-01,8.782604586221052223e-01,9.103169356758158415e-01
8.279604488148170627e-02,4.574792389491427080e+00,5.786277054559488264e-03,2.500520501329421386e+00,4.200481365147985535e-01
1.029216695752204758e-01,3.720941399139844563e+00,7.748127506292273869e-02,3.116266865979047118e+00,4.194974166838525420e-01
1.507715922189650226e-01,4.788717237937085258e+00,9.034012463100274393e-03,3.964063918339366666e-01,8.861798288791932210e-01
6.202193594753610539e-02,6.655077205251544115e+00,-4.326462060284809452e-02,1.312457824833454634e+00,9.874452179930960360e-01
1.629003966124248359e-01,5.183633210162303051e+00,8.877164519891733718e-03,5.064483638558510137e-01,5.626723796772463704e-01
2.237722219149225755e-01,4.898261255011665760e+00,7.669273783873699346e-02,1.112932242337423716e+00,4.490914636653937642e-01
1.133252406142998547e-01,4.185951295999041477e+00,2.073561990707776387e-02,2.961231798249707836e+00,9.752077058953116939e-01
1.149885603548818358e-01,6.112971527912981706e+00,-1.146762693074681455e-02,1.446670152220733918e+00,3.185296890207134357e-01
3.713726178736529576e-02,3.930576010690303601e+00,-1.404959962024230485e-02,1.549094691629868681e+00,2.135736540811888906e-01
1.154370041891807641e-01,4.859040795258998457e+00,9.989894096075405128e-02,-3.058957204122871865e-01,2.054182094314954687e-01
1.136886007692664985e-01,3.036178090833021592e+00,-4.371303183548384819e-02,2.264315090924400309e+00,6.124937844557365452e-03
2.120896340361456689e-01,5.354194980941131554e+00,9.677112926790971958e-02,6.860528535994676602e-01,7.000527971000447547e-01
1.540886326919520613e-02,4.322447734039116973e+00,-1.133442827423652988e-02,2.070288254894350644e+00,5.382586991318142333e-01
2.778306180758162158e-01,4.393260294369351726e+00,7.937427569758928603e-02,3.272952240182713801e+00,1.517598160082632708e-01
2.020473144688210432e-01,5.062626480068974644e+00,7.020754710573443025e-02,3.727734402326681185e-01,4.023849877555554233e-01
1.472416788643836905e-01,4.355507416697700585e+00,1.033650529050191558e-01,3.084323724462747052e+00,6.029129289101136102e-01
1.342653977378550356e-01,5.138638281166891808e+00,-3.038274863183477309e-02,1.301878060430617934e+00,4.966784031319286807e-01
1.160041125304642207e-01,3.764787298751557820e+00,1.048845635575050561e-01,3.373894941288962279e+00,9.491993908274096725e-01
1.099248147387508201e-01,4.838451895807363456e+00,-3.017721348522667268e-02,1.276658444961805916e+00,4.409331608523368029e-01
2.300340442077659642e-01,5.337104886354045341e+00,1.346250606212491263e-01,2.349041414278103979e+00,6.537087900942474272e-01
2.151958189062133098e-01,2.941203123960960397e+00,1.964177132821122440e-02,1.724642730783501499e+00,9.888529305846494033e-01
6.155317970115620207e-02,6.092022040114938974e+00,2.110970455097849544e-02,1.833294248731034415e+00,5.551726844321037690e-01
1.853342499717565706e-01,5.948876780653649554e+00,1.011881586578129988e-01,1.969284730828291030e+00,4.671584446956699166e-01
4.505384473048081040e-02,5.767032709656989553e+00,1.909870510055379500e-02,1.114451338031017702e+00,2.783562423371502836e-01
5.234724308483160865e-02,4.440264160184528741e+00,5.875773027989694697e-03,7.870185931355333508e-01,1.193219464551223963e-01
8.256270043849060769e-02,3.223119608610776510e+00,4.371074858950825537e-02,2.021508205116840706e+00,8.128185238323591966e-01
1.961256424836741452e-01,5.076700991551577502e+00,9.630847203635416187e-02,2.750015750719890573e+00,5.820274349866857433e-01
1.467459872116663733e-01,4.809348146104601263e+00,3.453518756976040049e-03,9.767485025865010329e-01,9.947866671577830777e-01
2.946576323838906442e-01,5.118263584878084416e+00,9.729336954558041872e-02,8.178187961109624204e-01,9.845270652864087646e-01
1.517539229814769131e-01,4.443218089146092176e+00,5.984008724786351457e-02,2.000108138255598966e+00,9.062030586828240253e-02
1.785114431785101985e-01,4.096072619942995985e+00,7.835463489152115490e-02,2.679880642539376190e-01,9.477603296095830077e-01
9.236716714541959306e-02,4.958673709961301412e+00,5.210809122148144651e-02,2.185636629537011100e+00,6.850745670172898594e-01
1.401264993969789929e-01,3.395470702002374441e+00,4.309361435634537218e-02,2.900931042544642846e+00,8.040804391026529219e-01
1.180951736485635478e-01,6.235831264303046240e+00,2.736346088748010941e-02,6.177500567717371105e-01,6.234541300290159516e-01
1.050400826139077232e-01,3.069001297390855143e+00,4.787812243311655169e-02,1.045652549799664710e+00,7.398174043543870315e-01
2.411719574821134110e-02,4.918672683481242203e+00,-5.716679531024629335e-04,1.957806272835107553e+00,7.708714687846786040e-01
2.194635491429172691e-01,4.517247222601355361e+00,1.457171004636578227e-01,3.255692995846439786e+00,8.759523449901785996e-01
1.031960588291719050e-01,4.584835610002039097e+00,3.548637954588788196e-02,2.039067473395782315e+00,6.858707298029010913e-01
1.500149907484697731e-01,4.010103322863896480e+00,1.111326524149116313e-01,1.022127468701535591e+00,7.031881949656328956e-01
1.906551363524435494e-01,3.863745553901547058e+00,-4.551647876947145788e-03,6.574619938101542438e-01,7.556382286462186570e-01
1.507307791127692198e-01,5.339817220181080515e+00,1.309439785204214446e-01,7.568586911448225152e-01,8.196348202684933248e-02
1.799145323510625283e-01,4.790018382746288772e+00,6.176671845634339186e-02,2.226831897064407428e-03,4.029712477530537074e-01
1.168628312119149026e-01,5.326465540430238121e+00,6.970901010759050775e-02,4.945074738537567072e-01,7.474051429298871341e-01
7.949619937129764891e-02,3.909105461082544863e+00,-4.430626148586562507e-02,7.099045846551546024e-01,9.090353538935402877e-02
7.457894074577478549e-02,3.198458458948349126e+00,5.550482362613218257e-02,3.118459711599273376e+00,1.331385446970738684e-01
6.108935297934130898e-02,3.179115053943188052e+00,5.164058527535621973e-02,1.963202302869702764e+00,6.791324109898034811e-01
7.594016171148182393e-02,5.792169926305124505e+00,-2.782284824745733659e-02,1.332824989789971326e+00,2.720562787684637218e-01
1.167470264802502600e-01,3.695066520778219399e+00,-6.693303507027406618e-02,3.308373680545109607e+00,9.729276571755282044e-01
2.371263019898676161e-01,5.723112911632460609e+00,1.506333764245707529e-01,8.777037909390270620e-01,7.914665240960013781e-01
2.229430023486371482e-01,4.460587354682375327e+00,1.135412080245726540e-01,5.037227534602759516e-01,3.090224879690850468e-01
2.197804317020482512e-01,5.330704055628229909e+00,1.997724477298652712e-02,3.858367343573689823e-01,4.522255084642099465e-01
2.510395116367544199e-01,3.629299572519678829e+00,7.363821319230162699e-02,3.003453216668209524e+00,1.978184705943664135e-01
1.433375446552638266e-01,5.503666556773170626e+00,1.386414268542565109e-01,-7.639422690292718698e-02,5.070775008141121809e-01
2.259124792653325053e-01,4.290278860510331249e+00,1.190601809313619197e-01,1.302305454527088457e-01,5.570139380591323519e-01
1.206632321025114252e-01,5.562157678186753884e+00,1.084855118401751584e-01,2.867781492633496576e-01,5.956760132026056587e-01
4.458598041647570537e-02,4.975925323197117223e+00,-6.839350141337831313e-03,-1.141735838053334895e-01,1.148066593469887486e-01
5.361132856551207443e-02,3.902823860928369637e+00,4.069426743403061625e-02,8.041298299122012772e-01,9.430307186946687015e-01
2.578504219197408909e-01,3.799264995651221000e+00,6.366010286180422140e-02,1.700472751375614822e+00,3.471508121923985168e-01
1.761512584290488570e-01,4.041604632639161920e+00,7.928842783262649019e-02,1.040925146771581211e+00,2.385121991704597377e-02
9.663688389255863098e-02,4.053196040699551972e+00,6.677564671806125729e-02,1.967347427758442846e+00,4.186261338678495258e-01
1.654498957657583313e-01,5.510271640207353272e+00,1.276456029435440176e-01,8.695783790751354658e-02,9.224008991334388119e-01
2.965764364526083940e-01,3.763359199605630145e+00,9.949754429956299273e-02,3.544968322491102164e+00,4.608183500767804031e-02
1.025074073238079891e-01,3.084429478924053836e+00,-1.660723258519880563e-02,1.263190956314622415e+00,6.975388297847604502e-01
1.332360358376928899e-01,2.977398163576262746e+00,3.947323504751247547e-02,1.310804405508668280e+00,8.552128517108851247e-01
1.766058208725062861e-01,5.469254806919375156e+00,1.056547709670038748e-02,-7.128311861201153121e-02,3.177125295583839160e-01
2.144380337325412222e-01,5.171383047784326337e+00,5.262511407795834872e-02,2.549984280362486810e+00,4.078706984061342133e-02
1.784774389019546381e-01,5.424141991434262344e+00,3.091376828314562619e-02,4.409519227475220404e-01,3.787336428331496974e-01
4.705341483956677895e-02,4.195394314652489243e+00,-2.516140728286975214e-02,7.112350608796274010e-01,4.180152005295196815e-01
1.051470416713627537e-01,4.461823730959528334e+00,-2.999563460031208495e-02,2.607185477399431406e+00,9.853136422035865261e-01
1.493877659532321933e-01,5.500403022148406151e+00,1.311679675407548262e-02,1.038091940936327617e+00,1.622868787345990160e-01
5.763872124384501749e-02,3.576006276553969965e+00,1.204436375426143346e-02,3.007946593636548815e+00,6.121592493971299564e-01
1.900384442525688278e-01,3.632740956791428832e+00,3.210137747377235506e-02,1.508793433799167527e+00,8.585869236986694020e-01
4.283224533634198000e-02,4.133018566526810211e+00,-1.244830017813818544e-02,3.813274013685659547e+00,9.945258158462595421e-01
8.602863540409849685e-02,4.428143097678037599e+00,1.664876171552254203e-03,3.080347631603592706e+00,5.627065459696056759e-02
2.387481560186900664e-01,4.223702370868966049e+00,7.260573996142108411e-02,8.074639261821747738e-02,4.029223295304991126e-01
7.108735178298965229e-02,5.545711023427941200e+00,-4.605540037859272295e-02,9.703339368843137969e-01,3.202435678993797996e-02
1.654319380844661569e-01,3.663490387848074903e+00,6.448993587514856296e-02,7.627382393881505518e-01,5.713730783209084452e-01
1.346677408699048228e-01,5.513409472811158452e+00,6.692014220974953909e-02,-4.695938697294330666e-01,8.018673985400377457e-01
1.079725134230682254e-01,4.504661408319808658e+00,-6.831149916076954820e-02,3.126560249051232976e+00,3.417074616698397849e-01
1.723578932344478898e-01,3.828405779053104752e+00,1.326034974554446966e-01,3.520995331588482102e+00,7.265394949095783650e-01
1.791154809503218703e-01,4.862094646892078487e+00,1.224637080978168563e-01,1.078084740349690929e+00,9.111520133161199464e-01
2.888499513959236764e-01,4.410213451612754909e+00,9.373379507174346703e-02,8.566986123827668997e-01,7.816795892379635458e-01
1.167134631983959558e-01,6.154309459644377256e+00,-7.478985726881498541e-02,1.606570070046289711e+00,6.017582161489944959e-01
7.656497429516462283e-02,3.899193301654497290e+00,-5.086967234677203936e-02,2.566633586624378793e+00,4.773402656746834616e-01
8.723610578651824765e-02,4.017075126324455070e+00,8.080181759763931104e-03,7.563385639179842634e-01,2.994678992653215799e-01
1.627958161239974333e-01,3.395252246361488702e+00,9.552531482073384206e-03,3.106307561747261303e+00,3.266861205869379114e-01
6.897186604649087338e-02,2.518776240299558378e+00,-3.817788631414385792e-02,1.497683524873794969e+00,9.660756642638539393e-01
1.241108948135887374e-01,3.955383450257878408e+00,-6.463859410818169338e-02,3.268585246937548483e+00,6.791511530228204752e-01
2.245439638677413363e-01,4.666525762929100374e+00,5.492239737370367691e-02,2.690293751446427795e+00,9.340959926369525324e-01
2.289341411120043857e-01,4.990862378812463085e+00,1.068431312623357443e-01,1.054504839647708359e+00,6.235433036920707828e-01
8.915905374189295185e-02,6.040344912334200345e+00,5.467882703795615140e-02,9.313735829100400210e-02,8.422509318329707284e-01
9.021636946912177379e-02,3.253678623881729237e+00,-7.167262850697266041e-02,1.595659851641215710e+00,2.358293025422630862e-02
8.352918721633932619e-02,3.772194893146004979e+00,5.275405208318255379e-02,1.215415527241791693e+00,9.604167971550570115e-01
1.936071506498517891e-01,3.923816162348728653e+00,1.320215243370040370e-01,6.556275105662354719e-01,3.541894713919012672e-01
1.653943075223558434e-01,2.651288802818491774e+00,8.433893982526995126e-02,1.830656645679617389e+00,1.100842082911275277e-01
1.619225627721269239e-02,4.950972809770513905e+00,-9.606283036579611051e-03,-8.367557241453011940e-01,3.458509429864164986e-01
1.578425294615173335e-01,5.967051340734082387e+00,1.824125296942886998e-02,8.028459309050277604e-01,7.813666281814802828e-01
2.758131844383489018e-01,4.675360463990946513e+00,1.076873481721546399e-01,1.252330575701142479e+00,9.302938167141597825e-01
2.384497098244510727e-01,6.155653043151035675e+00,1.406143509276500114e-01,1.063350300662312620e+00,9.868381547372380158e-01
2.092043686613827003e-01,2.533522758168351263e+00,1.847031953655178249e-01,1.610043835159256087e+00,9.035051507968214768e-01
6.197493553151490336e-02,3.653176304286299914e+00,3.231554125180156195e-02,2.187629741273438011e+00,6.060342303313632772e-01
4.602176811269879930e-02,2.182832993607647154e+00,1.242135002395088408e-02,2.032374698510579059e+00,2.575768087288470287e-01
1.580447078419706108e-01,3.932389883768703687e+00,-8.463684166906432216e-03,2.247125866472071021e+00,5.987497576930796983e-01
1.559497371701116797e-01,5.218605998399540091e+00,1.548752996687730588e-01,1.003296115049995052e+00,8.163648637114265805e-01
8.269139493522122131e-02,3.364778674215602283e+00,5.020369253056002068e-02,1.944474111218581047e+00,9.003785691292065518e-01
2.146529021555387551e-01,4.973595846391722475e+00,1.687565358969276563e-01,-4.105123234381511388e-01,8.013347519657992857e-01
1.807904593568423479e-01,5.245355197247445034e+00,1.388581058288651526e-01,1.603063550525099412e+00,7.946458085226869583e-01
1.868884424798791244e-01,2.598513562395864174e+00,3.246408876644869823e-02,2.486643477172508110e+00,6.973884656999176368e-01
1.013863783811206343e-01,4.703017845570602873e+00,9.326272631225651644e-02,1.479647380607028939e+00,1.732583516757045805e-01
2.501048670147550945e-01,5.194180682619530032e+00,1.232165867461531561e-01,4.086630379365239207e-01,8.050280371167446436e-01
1.472724744107296035e-01,5.360719948244872413e+00,-1.316690968728273514e-03,1.260446879869383086e+00,8.208913664336905391e-01
1.067544135914975101e-01,4.432955895760341214e+00,-5.326895510837763997e-02,-4.103416212109767258e-02,2.779451528225437285e-01
5.803789992789596536e-02,3.962713814364320353e+00,-5.601946631767874135e-02,1.349148093243174973e+00,5.911790035597650483e-01
1.530896250055275853e-01,4.930832923238391174e+00,1.172137347446399747e-01,3.030913028532986608e-01,5.928852037032793509e-01
1.885774195928591190e-01,4.817052222446177367e+00,1.105242255875360513e-01,8.380216937061097937e-01,6.051163958812553201e-01
1.627157626675620472e-01,3.035494251728783954e+00,1.455861143627808496e-01,1.735901037880612119e+00,2.484717030823969663e-01
2.188802663321483266e-01,3.884418158186186076e+00,1.103632026904305119e-01,2.377589463493643862e+00,1.687560854908621844e-01
2.089981244832162244e-01,5.783563210753300154e+00,4.421811628347757650e-02,1.787292826903178256e+00,3.790993866588758809e-01
5.338516956726155338e-02,6.693135760075387353e+00,-4.889519683446610226e-03,1.214972901688169404e+00,7.800348146642165359e-01
1.464783856284002650e-01,4.756056271070635333e+00,6.794806562969107899e-02,1.258402317410460824e+00,9.448148579312293238e-01
8.037054553848596572e-02,5.173705594853013068e+00,7.226323396362666074e-02,1.440766406226186014e-01,8.129958384630491253e-01
5.485550249174241805e-02,4.445011875708919646e+00,3.378888260214155809e-02,2.580566981535703519e-01,5.230745568904582310e-02
1.727849279832065765e-01,2.804775347996511847e+00,3.997404039353880112e-02,2.589176509230394885e+00,4.034646395520947726e-01
1.159555826280045526e-01,4.764579104805745757e+00,-4.499214622685220044e-02,1.037335300244472736e+00,4.501125282420206375e-01
1.049916769206614142e-01,4.059960739996772539e+00,9.476794683983796874e-02,1.431279494853939793e+00,1.330309730766350285e-01
1.359247219971018716e-01,5.070965256656259967e+00,6.688347322900473069e-02,2.825022093124349709e-01,2.361179275155665946e-01
2.107544654739588741e-01,5.060297544051246987e+00,1.350824880593683441e-01,6.755055904644997611e-01,1.470353496169499730e-01
8.543408890702482161e-02,2.552137262006301643e+00,4.800867743194038584e-02,2.293210080702509313e+00,7.882434868464980315e-01
1.168119131714732695e-01,4.189300415884691375e+00,1.027500714615319499e-01,1.477263986012836039e+00,3.559787332858868059e-01
1.241558572602327604e-01,4.250278504588805184e+00,1.074249870396033202e-01,3.134418027370878157e+00,2.332263477548213171e-01
1.811085338096755093e-01,2.889718409253929643e+00,1.024310009705313440e-02,1.641334968616584122e+00,9.691910834155772481e-01
2.848517452151219653e-01,5.361847680592342513e+00,9.753876863605265291e-02,3.446989811269944859e-01,4.693581725635043167e-01
1.492939515799974193e-01,4.627056657354369662e+00,1.009395174036492732e-01,3.285826303988345298e+00,3.874761881917616613e-01
1.446071442419109565e-01,3.794112834943042412e+00,4.058498606889593407e-02,1.984707855290450684e+00,2.076779699975617177e-02
1.893375871569479285e-01,5.442315182920080652e+00,1.385802327178147220e-01,1.793750180141062245e+00,8.502633270702976143e-01
2.536315707128442565e-01,6.653792428329327713e+00,1.285015900183955062e-01,6.827399114055312523e-01,3.975399165186721540e-02
2.586541929897587938e-02,6.603020539909055131e+00,9.699447520914318555e-03,7.919675795348832814e-01,2.467240705061681805e-01
2.067323748634808944e-01,4.701058089423947095e+00,1.914403979971827652e-01,8.868631485575679818e-01,6.614944240432143463e-01
2.656384697242777926e-01,2.526527829937027292e+00,1.181814439773715142e-01,1.672888382083410841e+00,6.756667481539366804e-01
2.035097667465061155e-01,4.731863880255576582e+00,1.767262966867887419e-01,2.401439296812937663e+00,3.221528455034421423e-01
5.703318821024656177e-02,4.123204928919900425e+00,-3.522104423363580511e-02,9.248737922428347247e-01,4.139860102411070386e-01
2.394204872349890156e-01,6.010133168164083273e+00,1.587081880285224622e-01,6.283448300278728915e-01,2.926129981237620692e-01
8.635993693910314073e-02,4.331118413318367999e+00,-5.419016195823066206e-02,3.201111393799271454e+00,8.974227761671826897e-02
1.771335435188434171e-01,5.722052675266669830e+00,8.103026159097803660e-03,-5.893769009619909127e-02,6.427593312129022962e-01
1.687408111684996770e-01,6.143417875198467826e+00,1.559621496528384166e-01,1.705860703857893235e-01,5.571360782521239674e-02
1.297131437509806973e-01,6.170237305115022330e+00,-5.620939932088730301e-02,7.625787970678077343e-01,2.679641792175824211e-02
5.636778743047472784e-02,3.878835417965094123e+00,-4.760131298225814267e-02,3.774967273877837926e+00,4.796140299802739149e-01
2.473067254711012741e-01,2.688481119343169912e+00,1.222328607277018420e-01,2.460981508312392041e+00,2.835346432523266902e-01
1.854193593224564562e-01,4.800692446695927096e+00,1.241585580907240138e-01,6.573090467797193526e-01,6.260035541363425660e-01
1.846625695126664635e-01,4.296787750125417027e+00,1.799400945137158980e-01,3.364297332112191619e+00,7.614786773840093170e-01
5.607950985652538495e-02,3.300550957544622577e+00,-5.540867676808657744e-02,2.569179428116523667e+00,9.127197358708871722e-02
1.258689404901983944e-01,4.810023619146971186e+00,1.056651561797156968e-01,1.207229494477985554e+00,5.922011411970239392e-01
2.417896503361740557e-01,4.478747581879424899e+00,1.158554030898687054e-01,3.238168599441459961e-02,7.751346789163457984e-01
2.440632438040410968e-01,5.853276979433323035e+00,1.466011053562342181e-01,1.145125115653195635e+00,7.881115991045030134e-01
4.966539043772903034e-02,4.098447491354139771e+00,-1.941585708576468866e-02,1.058203983804268944e+00,7.043190453695198361e-01
2.055514678422802610e-01,4.286894986962854759e+00,1.919288040517152238e-01,3.312280740817294511e+00,9.974544703538757995e-01
2.140725476046761722e-01,3.998721309299058113e+00,3.627110548653775246e-02,3.415225019025754705e+00,5.592196858039151230e-01
2.328087036640009155e-01,4.768823884157200155e+00,1.145204586197505758e-01,4.058560595090194845e-01,9.279102264013249224e-01
1.499257031185096192e-02,2.396288999640477702e+00,-1.300952564219731711e-02,1.938951158499994332e+00,6.194308367135050730e-01
1.321972214487793784e-01,5.278983780317939356e+00,-5.562187669768713094e-02,9.589155337720791650e-01,5.699302960525598483e-02
9.834512616188215151e-02,5.840805684098308248e+00,-8.965255607401592663e-02,8.818219765891477380e-02,8.829043513658034747e-01
2.063308700441316423e-01,5.824447858819841173e+00,1.085599445956669795e-01,1.995190002372991600e+00,1.544399572165015000e-01
8.388214144156130869e-02,5.887808945884613010e+00,-8.358276733839327399e-03,1.113436545733037075e+00,9.991999398166959701e-01
2.207163307919161599e-01,4.309941423053295750e+00,1.180118000822958507e-01,3.245844807763956563e+00,5.102160361841312497e-02
4.351861483605203029e-02,5.122796031851494902e+00,2.045046168344900883e-02,2.016318967239242088e+00,9.197752482229992754e-02
1.601636053622633726e-01,5.064651724052276371e+00,1.464496104112553709e-01,1.483398999461432943e+00,7.154233447881750418e-01
8.360097407015816551e-02,5.476335219417252986e+00,3.437307562676727990e-02,2.256711747310916394e+00,8.893004870373848458e-01
1.429791620162368382e-01,4.174384437439766948e+00,2.117778386383567524e-02,2.381956328839143655e+00,2.058888148829532971e-01
1.265086397325115020e-01,4.566015805210037470e+00,7.002363952387422041e-02,3.870723359281664777e-01,5.687021871802477868e-02
7.342272661519649857e-02,3.783811286338117252e+00,3.906441744663202709e-02,2.669887714883595553e+00,1.346294160098203685e-01
6.949926370006209719e-02,4.356466380663411186e+00,1.686553828704322883e-02,3.407517146305612421e+00,9.408974032622494654e-01
1.428170294827481590e-01,4.417628975213278686e+00,7.056210614537941628e-02,2.395189886102254029e+00,7.484946503948537444e-01
2.228791339759270129e-01,2.768968849372216656e+00,4.541719964834613210e-02,2.429124022397032956e+00,8.527953279732158887e-01
1.857139371157972285e-01,6.580779811778474375e+00,1.124031235620628066e-01,1.383899680492789663e+00,2.798275799742393488e-01
1.026711643718223044e-01,3.655161558040489922e+00,8.844446465439922966e-02,5.270218814526952400e-01,3.992779992122007515e-01
1.462809090067875573e-01,5.648044020017634281e+00,1.147021495370842692e-01,-3.348028971512557739e-01,1.354213446924829034e-01
4.988002243867013102e-02,3.295188362671249038e+00,3.091529829531102641e-02,1.205045202321068709e+00,6.349067916641296661e-01
1.662159431988600722e-01,4.450712914921918006e+00,-7.314699456605830430e-03,2.901438060889056203e+00,2.137085961127226375e-01
2.235692455187968664e-01,6.163422640103815908e+00,4.714788134929674690e-02,2.217634478355456906e-01,9.686444578559905150e-01
2.308620574314875218e-01,5.074895846835103086e+00,9.883710091496285266e-02,4.295137636802333070e-01,1.015387284477464735e-02
2.444700851734529778e-01,4.970282638277859988e+00,9.886700915194629458e-02,-3.610656397847713528e-01,6.379017863919411724e-02
1.441684082605302064e-01,3.269684408393922492e+00,7.611894032195773430e-02,2.231637285296275142e+00,5.694593812678921951e-01
1.070486379655695708e-01,3.013173011827673609e+00,4.146591114257920652e-03,1.607788673233551346e+00,6.359084535120372861e-01
2.079510470934632371e-01,4.818583372153305788e+00,1.801764809299051251e-01,1.436215968686549660e+00,4.910598934656518200e-02
2.165782621416967313e-01,6.089414221180784459e+00,1.614416714409667164e-01,1.833395033970029786e+00,3.238847646032001482e-01
2.605739704723761263e-01,5.385587514209902338e+00,1.337010309257205543e-01,-4.929017617253164119e-01,4.154661959483012534e-01
1.122153205827273043e-01,3.631014377732523002e+00,5.746353153532636482e-02,6.973375714075338294e-01,5.062234104681969660e-01
5.859570738607949858e-02,3.906903222060475578e+00,2.032130772542686120e-03,2.117877549680649008e-01,4.273427189055161168e-01
1.774091397769411993e-01,3.559341434818567240e+00,1.591611636354808845e-02,8.132570999921777677e-01,1.503620291937786124e-01
8.511824262645739658e-02,4.113841195500512526e+00,-2.890522235520091160e-02,5.717393353376807319e-01,7.411944387228932563e-01
1.428958190473584855e-01,3.579626819548320960e+00,-2.087955539135165350e-02,1.835839463921170811e+00,6.562474959692735643e-01
2.443725077760349265e-02,3.303458907010108803e+00,1.736978484289343136e-02,2.246043746491979576e+00,2.950369224683028202e-01
1.671337626816756794e-01,5.725448484998717724e+00,9.424522250523051370e-03,1.699045243063335597e+00,9.064088015677227439e-01
1.099051547032599552e-01,5.155090281009840680e+00,4.994003348368045853e-02,2.361054162613052565e+00,4.850209307308905871e-01
1.048168392639117485e-01,4.173349318922080720e+00,-5.489356159028713211e-02,6.589122228464292519e-01,3.843995629485660315e-01
1.910466513594302751e-01,4.489378856109552451e+00,3.537265160046471069e-02,5.174764012815178393e-01,9.168634786844811480e-01
6.831164284346714910e-02,2.887336818465392696e+00,-6.386339657970056816e-02,1.584390880462256845e+00,6.032957541040273597e-01
1.972630702070288788e-01,5.397979009408421902e+00,1.192529015647798007e-01,2.343695940169523428e+00,3.540613936424464869e-01
1.543028361353232791e-01,4.663541573649208516e+00,1.231704301665574042e-01,3.028687740050042265e-01,6.334900491838084680e-01
1.338552254149659171e-01,3.862942474752537603e+00,5.177485802111886359e-02,1.305218421718768784e+00,9.200424703003442506e-01
2.165726517737184831e-01,4.696987693130331820e+00,1.078918405996055624e-01,1.678757415553469690e+00,2.121190710313722860e-01
2.718560466429717493e-01,5.338633406053350683e+00,1.127309513588106299e-01,1.215176329659652943e-01,1.600284615845880554e-01
1.474011055791470681e-01,4.888341456738951152e+00,1.219823787029805512e-01,1.886681794198523221e+00,2.942029273763911990e-01
2.739838057451329800e-01,4.202781153651359070e+00,9.837472198377078536e-02,1.881778822910784577e+00,9.899933530218048006e-01
1.120683676429778952e-01,5.128630574779823093e+00,-6.866135530962882982e-02,-3.248572028937055656e-01,3.537567993873960148e-01
2.037176381490420074e-01,4.807514033007118215e+00,3.374956028523376506e-02,-1.595036357582562125e-01,3.842176548906953704e-01
1.450388517968533852e-01,6.439544744019724654e+00,1.294526357868340249e-01,1.451670993514805552e+00,8.945078719990374738e-01
6.653106678106804339e-02,4.776688445431791052e+00,-6.190665164906100637e-02,1.518040467204849753e+00,9.153047867656078918e-01
1.787562038037327494e-01,4.274337587047307707e+00,4.921873426865136514e-02,-2.412170669781317223e-01,8.579342724577262436e-01
1.498784410754145369e-01,4.773890342223506167e+00,7.893874900849534582e-02,2.633511250856516384e+00,7.588816645722773480e-02
1.726993549721627386e-01,2.625957444582092126e+00,6.677152312615405871e-02,1.793492444907430095e+00,7.828424041852422022e-02
9.976308534103112136e-02,5.460926051693566485e+00,1.617155048231306430e-02,5.268224591862642470e-01,5.916297809945589847e-01
7.744149515442856624e-02,5.032059549802900378e+00,-4.480858414205521334e-02,2.145027886733646749e+00,5.301386643813360555e-01
6.183506924216507911e-02,3.435471804692980857e+00,-3.895891677819843940e-02,2.944441790126384628e+00,4.513236799602844407e-01
1.747454253898759746e-01,3.681980720170187737e+00,-1.889826225616106359e-03,5.736475618490699535e-01,4.008896408854241145e-01
2.228522849013770679e-01,5.064726160042534175e+00,7.180093246384064432e-02,2.616297639920892593e+00,8.066855972537523289e-02
1.461088051155216005e-01,3.323730681843832357e+00,2.117689655582025154e-03,2.745677680934910825e+00,1.027342625219765937e-01
4.426901712923199395e-02,3.427633637064268157e+00,3.743387088626907999e-02,3.206453209127445803e+00,4.227229071435363306e-01
1.764593501811342335e-01,5.272749911101396236e+00,-2.031371904476000911e-02,1.433985994129267638e+00,7.382535100887014368e-01
1.391113484775076403e-01,4.023444078910842769e+00,4.329216342006800278e-02,3.039061744259382358e+00,2.369496952952143687e-01
6.598156559063116100e-02,6.249517771811218481e+00,-7.747308164439959538e-03,1.632146017830675255e+00,8.360905436994615636e-01
1.222594348987296464e-01,3.270185529620428966e+00,-4.902226948295475978e-02,3.182540956992344405e+00,3.973115772829619585e-01
8.100882781820357981e-02,4.651400650931156733e+00,7.771863150703899048e-02,3.098218193948058641e+00,8.604881846020426828e-01
1.297353805174549790e-01,3.598450922009203801e+00,1.038713462979195395e-01,2.280641741356699725e+00,7.488964387693838320e-01
1.041882486108882677e-01,4.164323183880978441e+00,6.852499716859840329e-03,2.576973202137229357e+00,6.856122647946703008e-01
2.412001030858108852e-01,4.158479362532847112e+00,7.107001089649209180e-02,7.422443089563157681e-01,8.383996068249128797e-01
1.360205949514927126e-01,5.837541530018206970e+00,-2.632781658643894296e-02,1.405164281724328390e+00,1.945680512780781912e-01
1.535271969938687420e-01,3.836803928905497596e+00,1.026455923980018059e-01,1.214969063592474807e+00,6.872386031975095122e-01
1.705821012520198909e-01,5.554791017706909528e+00,6.981979457695042246e-02,7.243099855849650659e-01,5.675955267157209994e-01
1.685204195654276815e-01,4.335014936751434789e+00,1.002661571810226082e-03,-1.601018269736886879e-01,8.885563288332646303e-01
3.128673833349084055e-02,3.587163415691347002e+00,9.363223849677616839e-03,3.015251555467472588e+00,2.017216595289732517e-01
1.988255048993048668e-01,5.622538331144060209e+00,1.223779853379277915e-01,2.367630289335376670e+00,9.773826190366237121e-01
1.369227106608610633e-01,4.462634988937867142e+00,1.550188970507363623e-02,2.290726605464811882e+00,5.433138503866775659e-01
2.177001185318773180e-01,3.903373324853147253e+00,3.106349847622569271e-02,2.126772278280832040e+00,4.720894273465116031e-01
1.978129729507684398e-01,5.818060287019950039e+00,6.567961571152440559e-02,5.403667748886995525e-01,8.795471029716755984e-01
1.431568302057434072e-01,3.875301996331830257e+00,9.103325948126400613e-02,2.877913263203260907e+00,9.629432007591476328e-03
8.376734999569132589e-02,5.204182121803874850e+00,-1.463711301537782422e-02,1.866000998579060877e+00,2.421299923227332451e-01
2.747394571878832292e-01,3.919322392289727119e+00,7.815213446223596983e-02,1.559250521508715570e+00,9.446586680337138997e-01
2.037437042264027554e-01,5.206490437514717406e+00,1.198815692813020722e-01,1.209321148048241312e-01,1.365871477130449207e-01
1.963565909103346108e-01,2.653380535274352248e+00,4.036232695374439294e-02,2.291026755299167661e+00,7.437754239412553980e-01
1.279178020044016151e-01,3.769591833581887652e+00,3.009266826148464941e-02,2.305953665121962981e+00,4.856841342246188686e-01
1.088570791727349885e-01,3.667753110011875872e+00,3.966069925650680950e-02,2.003389075820921850e+00,3.650956656567608816e-01
2.006776170344018173e-01,5.103317841470707883e+00,1.100227666989632425e-01,1.563795923339254434e+00,8.735525257361627105e-01
2.374562622167783466e-01,4.553196373561680055e+00,4.677142197548217473e-02,2.875415104933207733e+00,2.379138029149991951e-01
1.646839579070558668e-01,3.993486559359313404e+00,3.413772039501089539e-02,1.889682188160406895e+00,6.475676362038114142e-01
1.768260456191753371e-01,5.323061088496340965e+00,1.653713978190995137e-01,-2.768128772414515382e-01,9.768135242950307662e-01
1.083628364329630861e-01,5.469739765963124611e+00,7.844776434693724598e-02,2.517374179389994637e+00,6.329849505798580411e-01
2.411589272551478147e-01,6.168747818386579596e+00,4.598208777292590865e-02,5.001368169784163875e-01,8.840837064641328125e-01
2.016255179260040831e-01,5.367094534780615156e+00,3.509212535046131454e-02,7.316101583864655922e-01,6.718006502872737595e-01
1.381534656993081978e-01,3.675818821388457280e+00,7.362475808139104516e-02,3.049641457498353248e+00,5.411339133536166024e-01
5.701679969190980024e-02,5.048741087793327864e+00,2.244199219046973462e-02,-6.181884976316709412e-02,1.657939274334553348e-01
2.889834855294576843e-01,4.270402498792794432e+00,8.979000541051301854e-02,2.067342597223651879e+00,8.416775885926518486e-01
1.649616442457054466e-01,5.233542553564707767e+00,1.566810665985396422e-02,9.935216734611520550e-01,7.681841465917861322e-01
1.843648446923855100e-01,3.451883325803145830e+00,7.591270306281172608e-02,1.756537860514296945e+00,9.180098189404192199e-01
2.098033556500230878e-01,3.437529012589050303e+00,5.272648550180683569e-02,6.487721591297139767e-01,2.627823881820555707e-01
2.135396999956555852e-01,4.687531271230581886e+00,1.668333353661777818e-01,6.020813266244244844e-01,3.290392657896776818e-01
5.872861505234301671e-02,5.343744892063204688e+00,-5.963877142997481284e-04,1.235180570233694652e+00,2.038689029867976066e-01
1.969608687070023290e-01,5.108303988035155285e+00,1.354492834260311029e-01,2.767089919382764052e+00,8.467006277002220305e-02
2.342518433097836861e-01,5.203519237759298477e+00,7.297480203742548466e-02,4.826477518335239303e-01,7.532257020160664229e-01
1.396606549948355425e-01,4.741927322273309819e+00,2.987383121770910421e-02,3.007903028948204494e+00,5.914860623008821872e-01
1.282413694357468215e-01,4.930962015437181378e+00,9.614361450596006775e-02,1.875994699846188940e+00,8.682668065057813633e-01
5.299541728447594580e-02,5.132813818802319794e+00,4.149995870903482043e-02,3.223257968749342339e-01,4.934502029823883973e-02
1.363918917000968567e-01,4.108051397248822845e+00,-1.107923430856319613e-02,2.293801270407399340e+00,8.421824385143532599e-01
2.307996585210260743e-01,6.516612176507049270e+00,7.676104578710297999e-02,8.398506718856606490e-01,8.137630282045231755e-01
1.580045967600798296e-01,5.519065997234836374e+00,4.832415593353374395e-02,2.151648713763912202e+00,7.810151752661508295e-01
1.537074849334039706e-01,3.641265701396362964e+00,1.460854480302462011e-01,2.430335184430625795e+00,8.019140092433511002e-01
1.012941902585226261e-01,5.173453719475869406e+00,7.726402267510944222e-03,2.674084572276167027e+00,7.654413417850668422e-01
1.112597248106797776e-01,4.458404608544755732e+00,-4.450132175035407395e-02,2.304913567968296384e-01,1.771752681386611350e-01
7.498023553171026534e-02,3.421665020996647488e+00,2.415902882485682079e-02,6.156970693652019655e-01,9.253788495216489496e-01
1.135334071188474903e-01,4.531138798975931081e+00,-7.661913458323790782e-02,-4.240563839189235296e-01,7.565081244043759812e-01
2.410385699483679756e-01,3.006540480571116447e+00,7.702333862841755086e-02,1.016303128356972785e+00,6.951903875798458587e-01
2.472855798941049343e-01,5.742179311233094552e+00,8.045346273089069855e-02,1.616750293530756277e+00,4.855245812129194150e-02
1.845318319518763350e-01,6.454973340146459293e+00,8.893445835621938134e-02,1.233717734813934541e+00,1.320122136968986393e-01
2.503885164644994443e-01,5.057430548326046882e+00,1.349737028548671502e-01,-1.204242299667024341e-01,6.536873636526707720e-02
6.699647143530505777e-02,3.162511129784694397e+00,-3.103432648654499623e-02,2.761138659263550288e+00,5.448096887515643250e-01
2.053624840830309273e-01,3.138270361988868551e+00,1.323028099902656685e-01,9.698340781162613222e-01,3.457072335675557273e-01
5.756709736278939338e-02,3.679411495847518587e+00,1.703773434614369586e-02,3.297773254668824983e+00,5.227495462343778598e-01
8.927557120562684689e-02,4.937107473491209930e+00,-1.103521829890478229e-02,2.434505838384845688e+00,6.757075721590254380e-01
1.160033246141635027e-01,5.171149790067737229e+00,4.702129632544634064e-02,-3.234415004825015316e-01,5.777557915396158705e-01
1.198856400684701895e-01,4.158049928445003651e+00,5.785366533169809117e-02,1.240707235734226144e+00,3.897442378849853561e-01
1.189751166782772318e-01,4.215212244852136969e+00,-3.829417264445896668e-02,1.109190319465875874e+00,6.595226349121106058e-01
2.833217039553467265e-01,4.888928058740709126e+00,9.359730578548915159e-02,1.451599609554134140e+00,6.641297850724727780e-01
1.930828901402480424e-01,4.747247232286245122e+00,1.884139042437991685e-01,1.954993625357106968e+00,8.009114065946140171e-01
1.798459606897893082e-01,3.615463831453163746e+00,-6.738510046980727974e-03,3.615040385850692761e+00,5.056303100002008666e-01
1.561354736452033043e-01,4.667754276624192400e+00,1.079372989647843506e-02,5.497231176950068132e-02,2.034878202268485259e-01
2.407994825305574405e-01,4.391899561152283304e+00,1.081471547028929753e-01,2.796921549283369224e+00,2.985230379617718199e-01
1.285422816710608540e-01,4.959552742351631238e+00,6.782721018367983412e-02,3.573995322665015628e-01,7.856844371726323661e-02
2.431819056833635084e-01,4.968215486260415759e+00,8.194061821769971221e-02,1.926539650661092118e-01,6.164820077807937615e-01
2.276947823453837338e-01,5.217677577347584084e+00,7.711268032317938892e-02,-1.197092048686698718e-01,4.939338003830658907e-01
2.221913132389684575e-01,5.229691928713929627e+00,1.084041973371422246e-01,2.136195312569638460e+00,6.689027396212803289e-01
1.973577915991424070e-01,6.466423444525482900e+00,3.674859545451478193e-03,7.198781369235200955e-01,1.321475755931644791e-01
1.302349221243701560e-01,5.343011749942704114e+00,1.736615988651903086e-02,-1.006254876209600191e-01,9.929989119545670206e-01
1.283522660000392668e-01,5.988697294182793840e+00,-7.770193838675665265e-04,7.284931676568335845e-01,3.250360595332821845e-01
8.871090949470647469e-02,5.282721999273327640e+00,-2.053898733921079300e-02,9.859201719013146459e-01,2.052876103148735254e-01
9.732316585718672752e-02,2.614828148307496658e+00,8.141251883572594994e-02,1.869226213553903282e+00,6.095194681682137849e-01
1.756750315866640322e-01,4.881091403690430930e+00,6.525046393954242463e-02,7.765210388971421906e-01,9.545172839567556133e-01
2.316721112666425830e-01,3.292267497454095526e+00,8.472355044347909536e-02,1.732507895490742023e+00,2.831313606501406621e-01
9.806682768968602582e-02,4.299119776209041177e+00,5.290172809671248033e-02,1.750844359772654624e+00,4.524386170179228728e-01
1.804692977201898807e-01,2.530817991724603644e+00,1.148312850162484106e-01,2.253680766286358050e+00,2.513087562845702783e-01
3.104926760619968265e-02,4.992999243824247202e+00,-1.132190917727375970e-02,8.660023511022814091e-01,6.294795502027999978e-01
1.374180474998109580e-01,2.872637113837515077e+00,4.934145485145507992e-04,2.463437766500268022e+00,2.838289119966008744e-01
2.492323783646563096e-01,5.711534444209439343e+00,1.265353487545396727e-01,1.097406475962908079e+00,6.054857079732574032e-01
5.517264169760589115e-02,3.803857509907736301e+00,3.577117113744036209e-02,3.625199003302651768e+00,3.311098321997926197e-01
1.256240242558520626e-01,4.562191365236209606e+00,-6.675899117455237619e-02,-3.528817833325721409e-01,2.741437577489715949e-01
1.809870829452527030e-01,4.528620042606680052e+00,9.893994496765837199e-02,1.325008296214820191e-01,3.494325822568425943e-01
1.556330969621297355e-01,4.078750919425234933e+00,1.933917633422606308e-02,6.958629172193537826e-01,9.046919723127275770e-01
9.148256932336862324e-02,2.051670563874688380e+00,-5.934894861886445133e-02,2.022574909740406657e+00,1.425586417502661130e-01
2.751261587176536683e-01,4.142594371212928728e+00,8.207452564694109332e-02,2.436139465711820939e+00,8.361868028883890913e-01
2.830697353104858482e-01,4.745869669518779865e+00,9.850594393386066794e-02,1.224382487955760546e+00,7.047994122038111486e-01
1.638504920603059412e-01,5.266135151799389291e+00,1.419856123694924199e-01,1.263124514491400063e+00,4.250356715492287218e-01
1.763481225358287385e-01,4.153673253870806548e+00,1.605835192036282610e-01,1.974897828978988468e+00,4.491166644180220047e-01
1.644439600268253199e-01,4.670210496448873982e+00,1.006798595363729842e-01,4.261499201015390703e-01,5.830495758174778498e-01
1.483774722212502506e-01,4.548120855665930939e+00,4.443565052136601301e-02,3.076094909948756673e+00,7.166089186229128716e-01
1.113764220369692637e-01,6.057820307211743582e+00,-2.133128923677360400e-02,1.080471817502313137e-01,5.644528541343740713e-02
1.793181651886722183e-01,4.124018114713552841e+00,-1.296777589374148443e-02,7.807046668498884845e-01,7.406471670568434140e-01
1.439920748265555717e-01,4.820411442004187919e+00,5.282464111221180092e-02,1.415290797417465996e+00,7.639494626235043828e-02
1.931737209933460098e-01,3.792082583787262706e+00,1.870925454266438304e-01,8.589647698102409468e-01,2.437164371610277547e-01
1.951454057864960567e-01,4.612161597455573414e+00,6.991828128156205024e-02,1.784925217952662901e+00,2.597739140535267888e-01
1.437870471045073206e-01,5.698399676443855810e+00,1.729683832840248070e-02,2.257603577272400130e+00,7.584336778040979832e-01
7.494265653953147144e-02,4.563733340605216071e+00,-2.959586531891540348e-02,8.920641686039099127e-02,2.752135080719312343e-01
1.327377488451614851e-01,3.227789027369704300e+00,5.789799692132525932e-02,1.412501824542994333e+00,2.394492219430041091e-01
1.204560000004687714e-01,5.124370275729310364e+00,8.596812718303156742e-02,1.742327040890870204e+00,2.372315045408821543e-01
2.654458304836588289e-01,4.676031786825253889e+00,1.001036610252408060e-01,-4.479856518315461500e-01,6.014609336671851159e-01
1.615082946585478518e-01,4.512301749093900582e+00,-4.058292236283622678e-04,-4.324531789799284098e-01,5.974398375046330312e-02
2.313032889761720834e-01,3.048293690070796202e+00,1.175121051931237587e-01,2.689571915446443029e+00,5.656568138589974648e-01
1.134269797312688621e-01,3.814904674313700728e+00,4.002764983977264573e-02,2.677915434946157358e+00,5.398985235855301434e-01
1.645527494934191370e-01,5.756853161256298534e+00,5.407413369945662102e-02,-1.805394193854445994e-01,2.486436198588366508e-01
1.276068914327639081e-01,2.990509215737207960e+00,8.578990446090020705e-02,2.826323983162316367e+00,3.004790164174364619e-02
1.739409115941862038e-01,6.478992371886001855e+00,1.091286431212943053e-01,4.793853952935966944e-01,2.564903675035374864e-01
1.953528435837795230e-01,3.851801107104505295e+00,3.092428368774459424e-02,1.784228256040996552e+00,8.297503194122554104e-01
1.704187818841027546e-01,5.743307939593606193e+00,-1.399726571103000750e-02,1.625709539865306308e+00,8.219533507630055746e-01
5.063603339817576710e-02,6.208704686475885026e+00,4.221661797295774010e-02,6.331958089006710644e-01,4.623287372246980276e-01
1.779978478787763996e-01,3.468499746669122530e+00,1.093542890673071810e-01,1.755357413180705484e+00,5.129430944023467553e-01
1.683080790059629794e-01,3.597412146598275129e+00,1.546753293373227811e-01,2.222533146472265742e+00,8.788350674918891103e-01
2.146578662653556846e-01,4.371542973724590553e+00,1.042826980803524262e-01,2.865133588929334785e+00,1.408326509742957589e-01
7.617165402942244201e-02,4.913955810068238783e+00,1.132967413218657210e-02,1.974343593479330750e-01,2.459904451293345451e-01
2.607591678453107242e-01,3.540692762062307430e+00,1.226096891398686939e-01,1.737174379664780055e+00,6.862530181511540261e-01
1.286304726770307605e-01,3.438896579608231363e+00,9.690766450331979309e-02,3.109011066873384799e+00,6.876382126694181585e-01
1.864492397349407637e-01,3.603706388008699690e+00,1.443022187153646940e-01,3.379696433636990349e+00,9.708747010373020014e-01
8.993854061902414876e-02,5.707862523884381645e+00,6.683038753365330709e-02,-2.694009410068773924e-01,7.741951992163678131e-01
1.982654964113221840e-01,2.418703352183563027e+00,1.419003752570495713e-01,1.909630630622908498e+00,2.017311162660457846e-01
2.093059294558619055e-01,5.646006326001542064e+00,3.139184533631610152e-02,2.324634587825265886e+00,8.681017336425175257e-01
1.453533242274885895e-01,4.822290737208428268e+00,-3.342959221211294629e-02,-6.523022773001452279e-02,1.943907010147533088e-01
1.563594664779746346e-01,4.224991459652752468e+00,4.506422134729437534e-02,3.453709038533081532e-01,8.279163407058423019e-01
6.670620628729240220e-02,5.282644290179874247e+00,-3.641900889961863924e-02,2.263655928989992905e+00,8.895570273877395628e-01
1.495659496811750366e-01,6.484483690723251925e+00,-4.154547092794531882e-02,5.784590646531424518e-01,5.160332633308867267e-01
1.712120936733104171e-01,5.779772124433295133e+00,1.487670976508558840e-01,1.074392176395697174e+00,7.785867892699506188e-01
5.992578061696107045e-02,2.919216570756268947e+00,-5.787545101605724024e-02,1.924934819184795476e+00,6.201433462096789251e-01
2.315551972911311929e-01,3.621120521325045694e+00,1.495368143072879075e-01,4.988560857771151547e-01,8.112880054711191224e-01
1.149602378476495268e-01,4.479646415379409774e+00,-5.378309156199670427e-02,1.087542238230884362e+00,8.384201862810818362e-01
6.669241692915801878e-02,3.368361862807870644e+00,2.747637095511108740e-02,2.514520259923281209e+00,1.381639601998774225e-01
1.622108550180474118e-01,4.613489604222993812e+00,-2.886177200962178335e-02,1.189882114239783961e+00,8.084163691703695198e-01
1.105014428693687767e-01,3.764147829535886558e+00,-8.560827693210183720e-03,3.142021773294367826e+00,7.531921512814995223e-01
2.585920071980832846e-01,4.237678503203886393e+00,1.133887660197268055e-01,2.990999529289597447e+00,8.587561683150157776e-01
1.273070738139923663e-01,4.778638864885337512e+00,4.993499035157879240e-02,-8.065526740843509401e-02,4.117993924467931999e-01
4.210006335077958600e-02,2.407063376075007533e+00,1.644430070915383485e-02,2.200630071885106176e+00,3.705346741802184596e-02
1.179530041464359191e-01,4.739547475028445866e+00,6.186236540778680681e-02,3.165950804224311632e+00,6.230570414671676716e-01
2.035012481019480290e-01,4.332921604941249782e+00,9.205277895145319578e-02,1.377908980325663890e+00,6.737622724545588859e-02
1.548665820753242217e-01,5.711446961243428433e+00,1.038578175316763469e-01,2.335343941885570374e-01,1.765200930633147314e-01
2.482856996322829191e-01,3.724800153200777508e+00,8.027722296815421876e-02,1.213058642381262819e+00,9.081810267783585466e-02
5.705241174166323509e-02,4.321203435614288324e+00,-4.608407459187354588e-02,1.912401311235188306e+00,8.259148382998174887e-01
9.777451825944306896e-02,3.473990245733666438e+00,-9.165091270735302442e-02,7.211495459271923814e-01,5.303701842810336631e-01
3.225458246477467400e-02,3.373519194003154364e+00,3.081751516123231588e-02,2.959516937539734105e+00,5.031592150814001574e-02
2.028068763852459988e-01,4.199388177436417457e+00,1.922461699926377998e-01,1.726189668541113775e+00,1.838129510969028768e-01
1.400314882779681025e-01,4.482677609777513617e+00,1.079871770847848633e-01,3.473395110323690194e+00,3.640706278515331018e-01
1.148780061333613683e-01,5.213033755329208319e+00,-2.320491209510601449e-02,1.385869633262338141e+00,5.306541132529326577e-01
1.625333649389779367e-01,4.738289838345286498e+00,9.799280334376711532e-02,-7.352288896225065429e-01,6.850629703112548485e-01
2.109527604624503727e-01,6.542562928572424497e+00,1.398648082873377163e-01,6.653124574999891294e-01,8.446857613433415013e-01
5.838104010487218942e-02,5.380750578075811141e+00,-4.821244282314623986e-02,-5.063405880645612811e-01,7.198395305789057064e-01
1.647851832218671930e-01,2.429748810904913014e+00,1.329300508927552804e-01,1.611408941493406077e+00,1.111819209210662684e-02
2.455038418338539308e-01,3.461488542717261474e+00,9.667518229809723973e-02,1.808500505479208487e+00,4.552227003288019658e-01
1.874043848216310759e-01,3.545159739648573893e+00,8.722916818037529385e-02,1.449098272862644254e+00,3.596745932027072268e-01
1.759120379703707493e-01,5.197360437292067203e+00,-2.358562252363009815e-02,4.873826247784407428e-01,2.652346559236022916e-01
1.798256505832087071e-01,3.192304128528919094e+00,1.350627335168209098e-01,1.532058498558772186e+00,3.321588900222626206e-01
7.360149322616361955e-02,4.375870187946964585e+00,-4.859310891593086879e-02,2.746897396212339082e+00,3.072467953765841697e-01
1.768789443841320974e-01,4.703152734283786884e+00,1.520562079825782398e-01,-1.422061060493229334e-02,4.816073165137034762e-01
1.688468781247750294e-01,4.796065625952403266e+00,-2.531019650755461647e-02,2.420723643980534412e+00,7.352223516150609983e-01
9.307547057587656214e-02,3.591137278295505997e+00,-4.165124589313917020e-02,9.327162388491392342e-01,9.001155889593841497e-01
1.474246647969981727e-01,4.619259869781211059e+00,1.468624081406882387e-01,3.319554409499994030e+00,9.211070027212572287e-01
5.564891328168143636e-02,4.624985222018939801e+00,5.388013111688365331e-02,-2.785788542942597701e-01,4.607980845204039388e-01
1.824691441547302284e-01,5.049451298410930988e+00,1.784736085315235254e-01,1.848970744046077197e+00,2.918699664915305192e-01
2.592939436164634071e-01,4.823263134527797646e+00,6.998616889092243443e-02,1.318950333288296140e+00,3.035625128584398258e-01
8.817506292453675121e-02,6.442653001397523838e+00,7.751235725451544045e-02,1.442221334659753662e+00,3.358517780307022083e-01
1.698379623348373335e-01,4.237063531002628558e+00,5.339674534088210966e-02,2.125201145406418135e+00,1.924426450312101133e-01
1.339158654815607585e-01,4.873282928033795258e+00,5.232069699104150567e-02,-7.655066753478934061e-01,2.507368209920354252e-01
1.970435862196983148e-02,5.173981466972414900e+00,-1.886286788772361181e-02,1.101940254769631089e+00,5.344968247394762395e-01
2.464818358994012304e-01,3.649727167743336942e+00,9.005909682111459813e-02,1.223500809385998478e+00,3.692752203377566156e-01
9.539163152599675066e-02,2.654645647597065672e+00,-6.081952037900031915e-03,1.634097222100050484e+00,7.147163370145972472e-01
1.193873445498804253e-01,5.002148514947680980e+00,5.561985313917938711e-02,5.325229569672913499e-01,3.805760337056375286e-01
2.010872410439235869e-01,5.984122735849927821e+00,9.776464504325863003e-02,5.316276960900179205e-01,2.971238893912664381e-02
1.650877727919881355e-01,4.723470279771895264e+00,-2.946665966602868281e-03,8.577059588491935394e-01,5.188805831743527053e-01
1.213084377926425539e-01,4.858160869290493622e+00,8.021351293523264203e-03,1.449763439828485545e+00,9.736160472265462662e-01
9.677736390764675456e-02,4.959925361126714449e+00,5.393227528036899365e-02,-8.511160420049348474e-01,7.969854108234215584e-01
9.248497029185584473e-02,5.572632982488951114e+00,7.242928022269767840e-02,1.505272012770255685e+00,1.663399081586937056e-01
2.069217364418297622e-01,4.591009655928646183e+00,7.085581641745471171e-02,2.748828543629247001e-01,9.881330257117066918e-01
1.909135435920805701e-01,4.733056442073984904e+00,8.689972761112330080e-02,3.131983444481424961e+00,7.204874113240996580e-01
1.269498734511220195e-01,4.027645442637803441e+00,-1.351132048884041981e-02,3.105983297286381895e+00,1.710507626635361378e-01
1.536882119787296719e-01,4.026619887519727214e+00,1.261417731017149269e-01,1.373774981936706219e-01,8.763221219466532652e-01
1.552003084343180905e-01,3.235584526572183872e+00,-1.850231583546767256e-02,9.960134030242850933e-01,1.558760650667145864e-01
2.561776771123041030e-01,4.501838679734026627e+00,1.002024208534799676e-01,1.458891752121520557e+00,7.155136056339568285e-01
2.051735344360797741e-01,3.661004623570866201e+00,1.649319478207594836e-01,2.852920903974395017e+00,1.797500309431376841e-02
1.145988092301253730e-01,5.813909171223242467e+00,7.988156198330582936e-02,9.279649548200832321e-01,7.859439495364940464e-01
1.896519220727456156e-01,4.499390267160107371e+00,8.307308229002147160e-02,1.763658796649864247e+00,4.487685994305712356e-03
1.640175442358983993e-01,3.716845824012530386e+00,-1.696276380863359634e-02,9.425868933747276746e-01,2.037705849240334377e-01
7.422526960548340991e-02,4.524992888897255483e+00,2.801287705573284395e-02,1.924795288537724858e+00,3.525245776419787536e-01
