# LBvelMax,UBvelMax,LBvelMin,UBvelMin,BlowerPosition
4.705340362036520840e-01,-9.446918863988673642e-02,6.721461986772581110e-01,-1.949202323432912554e-01,-4.073491598137146674e-02
2.225779844835567012e-01,6.821868715534549210e-01,-4.786530942502786878e-02,8.110099605533420686e-01,9.503063659348727210e-01
-6.036485380772071974e-01,-6.080095958496967157e-02,-7.215845619300693681e-01,9.626796912282395979e-01,-2.400110550047853675e-01
-5.581828992926880506e-01,-4.842958009538080866e-01,2.277086571144519844e-01,-5.050520012551453775e-01,2.883347361022425837e-01
-5.218509225809955243e-01,-4.124257261759596283e-01,7.070211227376952401e-01,3.461963110295722679e-01,-1.252900228253035486e-01
-4.676235116130926794e-01,-7.870025649700274073e-02,8.281546084299420407e-01,-2.294533528673237122e-02,6.302169990199946170e-03
4.864723012105371946e-01,4.059845227007004009e-01,5.830646645375572312e-01,1.293209324070350164e-01,8.097416030223814065e-01
-2.457902554037467713e-01,1.692161410843724401e-01,-1.626584744255679116e-01,9.126931432424578716e-02,7.492904113707021807e-01
-2.845195325705258682e-01,1.471311159575743321e-01,-6.899147087721175797e-01,-4.448515460304405256e-01,2.371197275687797479e-01
4.749401685190375311e-01,6.236127195306282456e-01,9.737438635644952711e-01,-4.244684419661253205e-01,-5.125091373934107519e-01
-8.024156783471905197e-01,8.739212545080266015e-01,1.697119968891147579e-01,4.222125143529109614e-01,-2.851061303749125031e-03
-9.950635510731289379e-01,-8.607332068061692709e-01,2.486395870114366247e-01,-5.412027331318376433e-01,-4.669757166929489056e-01
2.995648724376342997e-01,3.232242462365599867e-01,7.895238965281219379e-01,9.376645705010748788e-01,-6.551985971636924422e-01
-3.088014679175359323e-01,-5.144013118199097789e-02,5.179711068362424786e-01,1.602337258392170227e-01,6.774419540048444155e-01
-2.077054754652651880e-01,-2.791270799745084741e-01,8.371176142359273431e-01,9.909673242389960279e-01,-6.379941726853557427e-01
8.717522194035856042e-01,-6.332602028242646508e-01,2.502542728594883137e-01,-8.076324153050817856e-02,-2.808337194700254447e-01
-5.761753710360322245e-01,-3.765295775592998329e-01,2.126002947845926361e-01,-7.911068351994934300e-01,-8.301191422458538138e-01
1.641648999844360635e-01,-7.384852383323914360e-02,-2.574805874444106024e-01,-3.125180184005216244e-01,-2.287518373036092623e-01
-6.569914427636778242e-01,7.131867298174239256e-01,-5.864218071217754957e-01,3.831779191795408046e-01,-8.954932136413344956e-01
-7.330299762721848023e-01,3.514461055912330156e-01,1.977164916668898709e-01,2.747731237988582098e-01,7.300681849538301904e-01
-3.489794469542828459e-02,1.518943631630991220e-01,-9.757200568488502146e-01,9.353232446114061460e-01,8.586868142952592819e-01
2.684873228234740949e-03,6.709050259095039603e-01,-2.487038740072360365e-01,4.599941627181181047e-01,7.489031212320040876e-01
7.838839685461571616e-01,-2.813452525158981476e-01,-9.174330058480280048e-01,9.931436684810344140e-01,7.218040976710906609e-01
-6.015918032073233057e-01,-4.393675542893498154e-01,-8.617684972489092488e-01,-2.008022527269757163e-01,-7.160195038898238273e-01
-4.952026522522019469e-01,4.361140914581091987e-01,-8.519531493594412197e-02,-1.204940541337218285e-02,-8.021017539525010509e-01
7.198665217601933897e-01,-4.549120924989054071e-01,7.385107361625684597e-01,5.436430532873235411e-01,6.711294281434689868e-01
-7.095928275231095927e-01,-9.376008616704980536e-01,5.180450967587308941e-01,-9.173441211802377815e-01,-9.063214280206133289e-02
-4.539967534193114496e-01,6.149953330826332110e-01,-7.348840563252343472e-01,-8.739969438071752972e-01,-7.730267171620759381e-01
-6.195761152014094275e-01,4.214974155840400805e-01,9.955445446666071341e-01,-4.361538642458651083e-02,6.062027971519041714e-01
-4.652526164556958221e-02,-8.811340077210734201e-01,5.666741101816417103e-01,4.051407778909832391e-01,-8.249717253212487389e-01
-8.455740197152783466e-03,9.569494194683096921e-01,4.696126854328919187e-02,-8.087734013586940218e-01,-5.035446800872700468e-01
-8.425607151304359554e-02,-1.312178950062206084e-01,7.036726122232368485e-01,-2.985439754533814050e-01,-8.654600536002865496e-01
-8.851719078366737659e-01,1.657339892972160555e-01,-8.472100876351436050e-01,4.158154160986935466e-01,5.069193572857315644e-01
1.882139113533929375e-01,-5.772945073298998420e-01,-2.305279041463568213e-01,5.223894100516035532e-01,-3.965461578168498757e-01
-8.488041430269885890e-01,8.152830549805969440e-01,8.701212525194390590e-01,-2.079202276675231609e-01,-1.289263753207674501e-01
-8.169587497208958826e-01,1.016027183203751516e-01,-3.474244142877225272e-03,8.458805508772904158e-01,-5.533172864516213707e-01
5.575465477477463683e-01,-3.630155457904509220e-01,-9.925573109884857637e-01,2.138441692759946999e-01,2.477761894212986427e-01
6.080690895419231801e-01,-5.540142440945996505e-01,-7.387521148864979459e-01,-9.653535062053664184e-01,5.399924496180248390e-01
-4.250523885819839087e-01,-2.839696726184615105e-01,-3.581269121984167469e-01,2.168243203681707865e-01,5.562493271173867271e-01
-2.886567916784208432e-01,4.568668133049074154e-01,6.501654306368354064e-01,-2.542624575252605545e-02,-2.603282025310089676e-01
8.345888630690401211e-01,4.610884265740933241e-01,-5.026121175947373398e-01,-6.438189155999225477e-01,2.840043665268556783e-01
-2.843236807254485576e-01,3.558941600530414195e-01,1.917097867379877751e-01,4.651629367327239084e-01,-8.352635194160340504e-02
-2.171117634940151753e-01,1.553556977554202412e-01,-7.082354860562960486e-01,1.940905233556786680e-01,2.541061098047971978e-01
-3.349165852332309790e-01,-8.961840581303452957e-01,-9.636463265427406277e-01,5.538613618340666456e-01,2.929611306616068944e-01
3.847558264704884490e-01,7.589962246168375781e-01,-2.745712114066709564e-01,7.632598689530269986e-01,2.246145130404999524e-01
1.188579808282850259e-01,-8.123707792172314424e-01,-3.883563590773804197e-01,5.517405722628980769e-01,7.138347092180477027e-01
-9.883846524505226494e-01,-4.859650923506850795e-01,1.448130601212953561e-01,-2.726672489176129588e-03,-3.455085401608857243e-01
5.798524012051633481e-01,6.638446240614266358e-01,6.512879970291463039e-02,3.092738413342233095e-02,-2.332940478927088002e-01
5.924580955543561345e-01,8.374060113737431532e-01,3.343396525978798994e-01,-5.233444164583160862e-01,-5.366867696037707081e-01
1.612929471819917193e-01,3.891403687561987290e-01,7.789762358745235815e-01,5.078967665369749085e-01,3.275209623375714418e-01
9.300731737468637128e-01,9.332693332973982514e-01,-4.152259402319624648e-01,2.200385875012971226e-01,5.287820361117907542e-01
2.836881708548799619e-01,-5.991979611537203709e-01,-6.519975165280167406e-01,1.230767967567891752e-02,2.106381896048949987e-01
4.709542241544233399e-01,-8.125832557344150331e-01,1.395415099524175417e-01,-6.909346738973904944e-01,-3.587490777019846089e-01
7.622844657256981904e-01,5.144449205962084992e-01,-2.627584859339948675e-01,6.221102460001388668e-01,-8.298488616182388977e-01
-6.511112979148843127e-01,-3.338754124597953510e-01,9.465226460364812855e-01,-4.823871413005147435e-01,-4.100041794949920160e-01
-3.754134509163395972e-01,1.066596027063029251e-01,9.493843037535898421e-01,8.405098678184654837e-01,-6.019553003529256596e-01
-8.807203466153066262e-01,-4.396665108058581684e-01,-8.619314669775131055e-01,-6.655470838602062233e-01,-2.869306063947318908e-01
6.467858612247043837e-01,1.386067207519319222e-01,4.773141225328505488e-01,4.727640226195775064e-01,-3.307513574634470821e-01
-3.544054442425275120e-01,2.117944373346534181e-01,-7.400735338628252613e-01,-5.592709104958799582e-01,7.711386264857011952e-02
-7.990104841919125622e-01,4.797476749260702888e-01,-4.423501796905304762e-01,4.683605283541398823e-01,6.047182803999844314e-01
-2.078927572478577179e-01,9.272833098660764328e-01,-2.758222672718488866e-01,7.953140762031754019e-01,7.764044981848421401e-01
7.503653473705034216e-01,2.438163181943808766e-01,2.713196110226017144e-01,8.041513844535381761e-01,4.848565136712614798e-01
8.647454896721644690e-01,3.032949772470723282e-01,-5.558540770150928179e-01,-2.626676451955229918e-01,1.658117800659242302e-01
-4.027268939312778073e-02,-9.232398485482478101e-01,4.058738246212936218e-01,-2.725126122873782197e-01,-5.172715911207517170e-01
3.018841687377404881e-02,5.226192307043602270e-01,-4.175234709193273996e-01,-4.964484436416791713e-01,-7.592219251885670150e-01
-2.578027071212052324e-01,-8.939750950481581970e-01,4.686839339479371702e-01,-5.634642554430311367e-01,9.798733101487444586e-01
8.193626550118973118e-01,7.618977733948730791e-01,5.919475495266108833e-01,5.973827725688354295e-01,-1.981320477459049822e-01
8.484028618118237830e-01,5.237827777841470578e-01,3.660771869888688190e-01,4.764252821947212446e-02,7.990296493515740561e-01
-1.090020254423704760e-01,-8.744366269310750450e-01,-6.431778967087287135e-02,3.484593784961989016e-01,5.463060377960575753e-01
7.963704943386928914e-01,1.755871428133726209e-01,-7.265529286632477213e-01,5.509428327639205314e-01,3.411328405066618163e-01
9.509280656785281671e-01,5.873077395944239498e-01,-3.344777561900689200e-01,-6.435660901202544526e-01,-9.887214723028601160e-01
-9.746602939890558481e-01,-8.875702406222054641e-01,1.664097769981207620e-01,3.398822060196018402e-01,6.449581393971852705e-01
-9.743560006992755262e-01,8.238533719058092064e-01,-4.304206249846949106e-01,-3.046815325616920589e-01,6.149450503055051698e-01
8.651305364001840026e-01,-8.140008272376599852e-01,6.510910261414890599e-01,-6.339759019993249645e-01,5.094107933113376507e-01
7.071661040364636275e-01,-2.990439233038182376e-01,1.827160929573830028e-01,8.916102929533622490e-01,-1.457655047947592486e-01
6.538441698443704375e-01,-6.302064747718374438e-01,-6.594009689407669406e-01,-8.653264154788966600e-01,-1.731102748883541764e-01
-9.724186426891441304e-01,9.360404891611342482e-01,2.132734100360109686e-01,-8.339616811958228126e-01,-1.399461672674369161e-01
-3.444481141917095091e-01,-6.065496736135191913e-01,-8.772205091194971160e-01,-1.324527807379485278e-01,5.065253341580433499e-01
1.963403376949479640e-01,4.861180120727373044e-01,-9.166360387904197715e-01,-8.271494522427109697e-01,9.004091996400076514e-01
-4.642285931948884059e-01,8.884705049960268664e-01,8.369039875791228766e-02,5.577859742663653364e-01,-2.138231631791107645e-01
4.503681677921462789e-01,-3.206087073663836939e-01,7.411454515079973770e-01,3.825102729065337215e-01,6.988160916904273545e-01
2.384878764382460936e-01,9.592378905747345197e-01,-4.145196915437234786e-01,-7.078141989653174981e-01,-9.037580923329044946e-01
8.674364095080655535e-01,1.646473823047123197e-02,1.089858036717972212e-02,-2.675929980985074508e-01,9.864338681027100542e-01
9.223658462941488612e-01,-3.546269098833043643e-01,-1.044267656973822955e-01,-3.507215582546616695e-01,-8.271305134388007296e-01
5.943972994321398140e-01,-5.132834078364174601e-01,3.160474577792913298e-01,-7.158362941863196660e-01,5.152888089263538696e-01
-7.009265179892363307e-01,5.144227449005358555e-01,8.370550417042732505e-02,5.534886905383809008e-01,1.955966884070221568e-01
-9.551398691505643690e-01,-7.846197496038926911e-01,5.722996410723315552e-01,6.872960699954613339e-01,-3.748869799062113373e-01
9.776120418343876572e-01,-3.234184162153153075e-02,-6.457284126476570130e-01,6.436642882653373920e-01,7.400742283956713852e-01
2.696537199422381903e-01,-6.689197375768540788e-01,5.972422117408182629e-02,-3.936961114984280918e-01,-5.544257025427938856e-01
3.599191568576762812e-01,-2.345453455420387634e-02,-2.922041501785979101e-01,6.612903105916672075e-01,9.719986861882690121e-01
-4.116416472749804267e-01,-2.407508633182764424e-01,-2.438738705251131123e-02,8.271729677472863251e-01,5.691841460651561047e-01
1.051675883002389789e-02,6.788313742632339221e-01,-9.602219247185606044e-02,-4.483793378774563188e-01,-7.275162839163773487e-01
-6.716638978993858533e-01,7.972247634169356001e-01,-7.385460736834708051e-01,1.647358665103539899e-01,-5.364878595880238077e-01
9.635539351695534549e-01,8.623407623266121647e-02,1.837581092347657652e-01,1.222233231699021427e-01,-7.866250589438248397e-01
-2.997751638870993496e-01,2.146429183271969521e-01,6.654550169142363636e-01,-1.737846955657293968e-01,8.206338713516316830e-01
5.376564454104242330e-01,-3.085760372793313611e-01,-5.570883903197940690e-01,-2.299023217307778477e-01,-1.599037269704028930e-01
4.186041325594458407e-01,-7.984418222797342590e-01,-9.798527680928392769e-02,-7.455960548770226293e-01,-1.610051666322949160e-01
-4.074381851144890376e-01,4.641036153677160492e-01,-2.009719765896735844e-01,4.173757975586471769e-01,7.723596577583864420e-01
9.837675150424995962e-01,7.808731268060300490e-01,-9.062134232765599595e-01,5.286556550384191588e-02,9.748904359861920721e-01
-1.549592129909229676e-01,5.590616154354839384e-01,-1.411121943384172628e-01,5.402323209253308001e-01,1.253447593544927408e-01
5.596748674544738122e-03,2.617763375580806073e-01,5.023247987682977200e-01,4.707948407618556264e-01,-1.018170726692124717e-01
5.735915471243748787e-01,-5.917601674168888604e-01,-3.296956973931119972e-01,-7.410379292777924398e-02,9.504154117906233878e-01
7.798208400668578122e-01,5.554337918974159294e-01,-4.823953328793249007e-01,2.645618728562864064e-01,-3.629406219585731286e-01
-2.601646488399138590e-01,-2.061728936465216933e-01,-8.845616891643850455e-01,-4.881313859239240216e-01,-5.728526918376222188e-01
-7.234274625766448086e-01,7.216455052237618073e-01,7.667972574967407695e-02,-8.446193677157327606e-01,-5.891635811370090625e-01
-3.497534091212890495e-01,-7.427123333637930536e-01,-6.501221553310867485e-01,5.740163260475033002e-01,-9.877501243108852691e-01
2.012391727029982924e-02,5.560473757805546313e-01,5.443038165202767065e-01,1.531850476823592988e-01,4.001055942000895094e-01
1.963679944667338084e-01,-2.492801736184111494e-01,-9.796278250252066222e-01,-7.325670845656826469e-01,7.651739826362846664e-02
8.331062672760327636e-01,-6.265639819377875064e-01,7.860244688670274815e-01,9.845634237822695756e-01,-6.964803679834734584e-01
-2.823000398491786189e-01,5.632843466121022491e-01,3.612743078727773671e-01,3.183976736308660183e-01,-1.952300244888891534e-01
7.199155705802238181e-01,-5.762721025883488224e-01,2.530336588470141201e-01,-5.612337404063547641e-01,2.058258578202272204e-01
2.202581707987552040e-01,2.789200735787580321e-01,-4.805867544698987359e-01,6.464814636968978512e-01,-6.643193736142638528e-03
5.693411200202600497e-01,-8.697025475124682270e-01,1.044433804398463561e-01,-8.888045102704082989e-01,8.983987816548193450e-01
5.755517038458424217e-02,1.872644836151857728e-01,-6.012619937323793184e-01,4.010202822397748168e-01,-1.181336782953263942e-01
8.430731503160744378e-01,-3.978842641352953180e-03,8.232955241450754524e-01,-4.591016413483162140e-02,3.074175801884948545e-01
-6.670770726277690521e-01,-5.944798689408470338e-01,1.741879511721227125e-01,9.555404757800207705e-01,9.777058611692988066e-01
9.626581444229866946e-01,4.195759304613013718e-01,-5.866855787393265853e-01,-5.955652484982230099e-01,1.103453688642075381e-01
9.590807557409706252e-01,3.265306832751195820e-01,4.326120431478477357e-01,-1.585390868605645043e-01,-6.568311060866016682e-02
4.407420238440034055e-01,5.508604572086570617e-01,-6.792372508448270008e-01,-7.404486037007298460e-01,-4.432875153256994327e-01
-3.863586233399689540e-01,2.177485223496651301e-01,-7.088849194358934902e-01,-5.352852994315808743e-01,-7.613561070897552074e-01
-3.776860931361913920e-01,-5.994628655020215469e-01,-3.686327548600056847e-01,-6.114804815101764213e-01,6.256370476647183931e-01
9.133583711357344814e-01,-2.244382530561042088e-01,4.621705726001414938e-01,-1.828295526800083337e-03,1.640548699733714866e-01
-1.069516756544488523e-01,2.775332145060334099e-01,-2.490024701567881138e-01,4.329246845469032490e-01,9.895733343155661554e-01
-3.195880950547658195e-02,4.334815962557074798e-01,9.597550096473552728e-01,9.736426283831023376e-01,9.690541305728175292e-01
2.216631137008455710e-01,-1.856300163698356709e-01,5.797005114670206183e-02,-8.086164266386597355e-02,-8.187593882634351949e-01
-8.179696579015334201e-01,2.760281852296859739e-01,2.843303903501568364e-01,1.568082869890519149e-03,8.955206592191660153e-01
5.721551697491564781e-01,-7.565430652523641442e-02,-2.776237081654948646e-01,-5.974092407606186317e-01,3.701491340345797187e-01
1.482008722735086437e-01,-8.351534468474228756e-01,-8.389943123337828546e-02,-2.967114959366390359e-02,6.081608782053058437e-01
4.267906605373916751e-01,8.726937358437696357e-01,-2.727068273197816861e-01,-9.268287238916572690e-02,2.469082600580319031e-01
-9.426730764047399624e-01,-3.255504174696031150e-01,-2.354089747648786535e-01,-4.283803981920883963e-01,4.796348087087740630e-01
4.382394781581744336e-01,-1.304452978462200541e-02,-8.822723610244556092e-01,-7.531113629868619874e-01,5.417429375693572080e-01
8.864701092238973512e-01,-5.794819244150279935e-01,8.259032480328754033e-01,-2.625355132074056463e-01,7.519046899803571993e-01
3.119515416989107059e-01,-1.514106211312478134e-01,-3.065878081247011000e-01,-3.229032071671598114e-01,3.717414596058021825e-01
-4.838846042172839645e-01,-4.008048612546444289e-03,3.057382158169070774e-01,-6.111766166644185816e-01,4.063763899312657912e-01
-7.393962261441493489e-01,6.876118669713093823e-02,-6.948255762251798195e-02,9.520678422939068408e-01,5.112764572924373141e-01
4.833795566295173707e-02,5.276528430120861479e-01,4.083737881659532665e-01,-8.021319940765221368e-01,-8.360730359463013350e-01
-6.038773926783231882e-01,5.959305169497413068e-01,2.084062540370295036e-01,1.814781389471911144e-01,-1.940575044938925853e-01
-8.951349285800236366e-02,6.106526888588272861e-01,-6.714079340247303129e-02,-5.284617889567562177e-01,4.948102858597742681e-01
-6.904949771311501561e-01,6.640029214246334632e-02,-8.240503105728398392e-01,2.380246085716326565e-01,-8.181929292212919425e-01
1.584590852738112510e-01,-9.733337508836412688e-01,-3.495811781404651875e-01,-8.092588288035740263e-01,-7.337229106058522632e-01
-4.288413215935544809e-01,-5.946957496421716449e-01,-4.363503087265123703e-01,-9.055123229601491630e-01,3.582648219796069622e-01
5.624974580475479158e-01,4.864483121717175784e-01,-7.594134326798775980e-01,3.763009958939145250e-02,-4.558874424630725564e-01
5.017201006616642811e-01,-8.711023865889635509e-01,-7.509300429501191143e-01,8.368006155052432060e-01,9.458553143510564087e-01
3.004083512857438354e-01,6.151363735644777009e-01,9.387983920721916231e-01,-1.350707443470315905e-01,5.829330481920027562e-01
-5.178449459286742496e-01,3.189548670740331993e-01,6.824210518660489555e-01,9.401794324064471908e-02,-3.819550240618299064e-01
-1.417296050072007763e-01,6.482891070902869757e-01,1.987883823751739332e-01,9.980318692906171574e-01,-9.554898307158010695e-02
3.163763945939441768e-01,-7.913845480495103057e-01,6.233886241452801791e-01,7.740129844445278184e-01,-6.043630588112671731e-01
-2.863638350648785025e-01,8.600202612253657897e-01,4.098948575476015765e-01,-9.530388219899266211e-01,1.415500162822436181e-02
-7.897452970184797305e-01,3.866827716858742825e-01,7.248633009834719587e-01,6.852298333970563426e-02,1.140278761182647038e-01
-7.553208627494845118e-02,7.584598429744680015e-01,1.457437197134328066e-01,-8.782227973766372209e-01,1.913520264052113173e-01
-5.691241303041083555e-01,6.966996356674834967e-01,-8.112668486243106436e-01,-4.857466944218646887e-01,-7.703866813060225027e-01
-6.465231545797145429e-01,3.289801033872286062e-02,-5.284720200022865466e-01,-8.708293886851854460e-01,8.860614373893374029e-01
-2.501311264865822004e-01,-3.004025852414646813e-01,6.075526239077255752e-01,9.419031905793666670e-01,-3.056983756152029663e-01
-4.587351102946286563e-01,2.264952891934957080e-04,2.771984313083766249e-01,-3.137169403577622084e-02,-9.522975601659080525e-01
1.027173422899751998e-02,-3.047171290196302174e-01,-1.829373469469006697e-01,-7.013876282550262076e-01,-1.627477322643009483e-01
-2.013852609425668128e-01,8.077712674332797604e-01,4.654774935465118002e-01,-6.219570717778570845e-01,8.448017982668776238e-01
6.541637610483661547e-01,-9.272030409618239322e-01,9.803699037608568645e-01,9.707889215304537078e-01,-9.078363299846439194e-01
-8.261897823806616525e-01,-3.929204924635227858e-01,-5.704991263069540963e-01,1.911463990900679200e-01,3.950776595695209004e-01
-8.558987154575343759e-01,-4.444687473108017706e-01,-1.364536455739731036e-01,-6.237199209819577206e-02,7.104257034217702493e-01
-3.010141558463179656e-01,8.468459751771291177e-01,-6.414351015396668743e-02,6.604034377580589865e-01,-3.645749408832321681e-01
8.606836640734065735e-01,-1.262004108593866025e-01,3.353157390524976744e-01,6.181291965458284299e-01,-9.184258603187731573e-01
-6.745304290910802969e-02,6.610633562289134346e-01,4.695603592550123828e-02,4.756367061880899527e-01,-2.425327143337006053e-01
-5.466853122339416782e-01,1.613864179242872066e-01,-8.905399622165148799e-01,-2.778517787756347168e-01,-1.639695989409606369e-01
5.345046041794798697e-01,-3.817872488133011721e-01,-6.242429646447467118e-01,3.514267627167484420e-01,9.706272844071730521e-01
2.692474815423671064e-01,4.874370270706929187e-01,-1.874771864634616758e-01,3.627096919915671069e-01,-6.754262425308019679e-01
2.919764350952591681e-01,-8.106467723608596909e-01,-6.515845750094677591e-01,-5.440564251041641874e-01,2.243184987942599129e-01
-4.292328047047018202e-01,-2.920174923359128982e-01,1.106991086317059558e-01,5.793706677879646438e-01,7.171738473973388039e-01
9.731462901062346571e-01,-8.934184823862829639e-01,-8.480802742089810220e-01,-4.471945448551983837e-01,9.890516316925190843e-01
7.542453646408155965e-01,-5.507348446418516286e-01,-5.615324421217462447e-01,-1.563624076745375735e-01,-8.874586908060788648e-01
-8.477756182564082366e-01,3.809853260835827093e-01,5.567694799005555861e-01,6.614241605726898232e-01,-1.941553409390017748e-01
2.580224801561274983e-01,5.251256955145426897e-01,-8.748402429780153255e-01,1.714275216158236415e-01,-9.359512864201240401e-01
-7.868856863818871616e-01,-3.308261718002514229e-02,1.496093697980735993e-01,9.420022093175717259e-03,1.427461566418168903e-01
-4.780921984591373075e-01,9.943344475135305061e-01,7.939415398271698621e-03,-3.225240133984472735e-01,6.037347970800754915e-01
8.156108286855203726e-01,-5.406329469104749208e-01,-8.016949286885066694e-01,7.628401258383776806e-01,-3.165850766603204303e-01
6.747005553207934270e-01,-8.975298508451257096e-01,5.248069534494628208e-01,-6.024560422099682899e-01,4.530789898191567300e-01
-2.991030637911507029e-02,2.613366355141293340e-01,5.078959452406937025e-01,-4.334822714749497763e-01,8.223040266322398928e-01
-3.665439680022388735e-01,1.845049464099961511e-01,9.129187323383356478e-01,9.511615632418017885e-01,5.633591784759270915e-01
8.804397648453334835e-01,5.159131298660293297e-01,-7.903819703520951201e-01,9.150332046721092460e-01,2.035164322979889917e-01
2.329134441394378197e-01,-5.558134283232938344e-01,-8.715234902580371035e-01,2.743464664193664415e-01,-4.531946865063307683e-02
-6.132931548787805554e-01,8.691218746882345414e-02,-5.234185622685891826e-01,-2.084407597324569039e-01,-4.010642014693568402e-01
2.507799040543752245e-01,-9.036851051285907932e-01,-1.382582619696459680e-01,5.324328464192402688e-01,-3.466277588261241771e-01
-9.917701174133231046e-01,-6.596357615247454564e-01,-8.460301013382649504e-01,7.149752360634731296e-02,9.321513285277078786e-01
6.119843485977134456e-01,-7.710672655598900249e-01,-7.026384964729648352e-01,8.874948892177041415e-01,3.583023060456409503e-01
6.784097571877640842e-01,-3.412559961724423996e-01,3.973318062072250800e-01,6.962156649403765662e-01,8.681919852739050647e-01
2.268360923008572172e-02,3.121191797215849828e-01,6.788863618717004833e-01,2.209100984966865244e-01,2.470866073841415655e-01
6.674113531260261745e-02,9.824025180143989289e-01,-2.808105961007545393e-01,-6.551977329606319955e-01,6.845018636659414568e-01
-5.753307622385277487e-01,-4.473270759198288982e-01,-9.072812951892543776e-01,6.188899797609441755e-01,-9.528341394915473828e-01
-5.061947898061016637e-01,-1.477402113652621640e-01,-3.185838035023906833e-01,-6.922486486684322760e-01,9.208335943101140231e-01
-7.102781635425181594e-01,8.939621726083113451e-02,6.281433749342790751e-01,-3.841437368715225897e-01,-2.916210572161974657e-01
-7.590272757509450852e-01,-7.264559476203751309e-01,2.486662367381289318e-01,-1.894463230291409950e-01,-7.798315834177449446e-01
-9.428914571873936445e-01,9.292428446386049590e-01,-9.670701337968345968e-01,-7.420146068620769864e-01,-3.082981140271670029e-01
3.849486358195552960e-01,7.214018032763518384e-01,-1.195810878452689963e-01,3.960127649208846634e-01,5.627332563629605655e-01
-3.615448015395528181e-02,1.410099627632679375e-01,9.175026630525175975e-01,6.812583626619426180e-01,8.605876334283195650e-01
6.095016719066743693e-01,6.974342474962409444e-01,8.953203037605053094e-01,-2.164641103198916561e-02,9.736763094744760316e-01
-9.282167033361963249e-01,-6.921736923303016820e-01,9.695378201345026259e-01,-7.549882670413514685e-01,8.070103015936429536e-01
-7.959697722013103771e-02,-5.114844789957126991e-01,-5.285476160834177151e-01,-7.034060572028666414e-01,2.120684606627265545e-01
-8.923961539408868937e-01,-9.498472349676441162e-01,-7.077844093167515727e-01,-6.639958191125208131e-01,-4.848463825423059426e-01
8.975787512038757576e-02,-4.382453275677891114e-01,-2.520948816246790791e-01,6.650839200887703750e-01,1.974995153861593966e-01
1.109510567247675716e-01,4.051032944498482724e-01,5.541251841944236922e-01,-9.892556249866140128e-01,6.327297274228531609e-01
-3.453736072829083348e-01,-5.265651456676596620e-01,-3.355245626710938733e-01,-6.751229759533881047e-01,8.007571382584131037e-01
-7.184582385232143320e-01,7.947027232766243898e-01,9.170471902623318350e-01,-5.410363374138889014e-01,6.026695039315985714e-01
4.242093738862720009e-01,2.140972155741149852e-01,5.982428259285372807e-01,-5.806764647202280472e-01,5.892916170453739166e-01
-4.574214802158140802e-01,-9.627099715922147194e-01,9.676265623163904372e-02,5.442435371343039563e-01,3.947769313998352736e-01
9.133261308881568397e-02,7.445682165452449652e-02,-2.675447653311424645e-02,-9.187634793113588216e-01,-6.534832966485908390e-01
-1.985781397219730238e-01,5.951725482276688517e-01,8.666072688045411976e-01,2.688828026860192733e-01,6.100560742334892872e-01
3.105834140571275270e-01,3.667576894584962943e-01,-2.702210827899933498e-01,4.858916537945787706e-01,6.417827328673810783e-01
-8.040391331803780073e-01,4.913300192938128141e-01,-7.325727075844006286e-01,6.002336869987514589e-01,-4.441096943549125431e-01
-3.440690461962525593e-01,-1.288114262929516141e-01,-9.899078319489138522e-01,1.405736624557469838e-01,1.823580071195300967e-01
-3.830378869541555265e-01,5.425805401283640972e-01,3.515167987508378555e-01,-6.412410973911237821e-01,1.857704074065587019e-01
-1.724630419238564194e-01,3.263435095800224506e-01,4.955082259019758517e-01,-2.194680599467695448e-01,2.102327917625106402e-01
-6.143023551953017414e-01,-5.668022620506094622e-01,5.415093851517143175e-01,-8.287035169521879130e-01,-5.030565938352060673e-01
1.310038108399149692e-01,-4.977237684358193359e-01,6.462173451128940815e-01,8.517063641717825817e-02,-6.624878290182756313e-01
7.854280188282387609e-01,3.320901279500405590e-01,2.660812038334690044e-01,6.478000819973863678e-01,-2.418012266822482381e-01
9.540543308817781565e-01,8.260542861290725014e-01,-7.575217505809253016e-01,-4.172531074929184403e-01,5.600696293284330718e-01
7.229294240547856631e-03,1.658846512200582435e-01,7.213225629045671994e-02,-2.146968000129083620e-01,8.896297158624586476e-01
-3.411088822621841654e-01,6.765429847434647481e-01,-2.368311024894369510e-01,-9.189268842514068947e-01,6.259916769260982505e-01
-6.484657130687550008e-01,3.956517258517830982e-01,-5.567780745305801471e-01,-7.893338011039914281e-01,-8.953850886219083538e-01
-3.030240713865466340e-01,-9.281337204112942718e-01,6.379484188372686049e-02,3.281088758966776986e-01,-1.930707208958104548e-01
-9.904279747489086461e-02,2.424146015204242666e-01,-6.451828179942382668e-01,6.094772885485675307e-01,-9.977494351595872502e-02
-2.543798825746437231e-01,-1.237729182857223442e-01,-1.201881197503196219e-03,-8.977626991917655452e-01,-7.339380538467299431e-01
-3.232662670156525309e-01,5.961543491146084062e-01,1.404097613053290061e-02,-3.095875123190285905e-01,-5.277641449688668107e-01
-1.320984327421268478e-01,4.615973178622492235e-01,7.291847676666358691e-01,-2.432802258540947005e-01,-7.059293007661000541e-01
-5.773263286455947441e-01,-9.136909395654024824e-01,-3.327861683051740460e-01,-6.257458852491557533e-01,5.764869736929960631e-01
-1.667177990512360708e-01,-9.598785670938148051e-02,9.780992316502601369e-02,-8.593815829005868601e-01,-2.880425334282263883e-01
6.923482659798418926e-01,-6.280465075940242503e-01,1.579042214991803750e-01,-8.326912977937055427e-01,-5.335473044903573658e-01
-7.344733110647430063e-01,-5.838721864542182338e-01,-4.324183046635687866e-02,7.086543371262234992e-01,9.383821668311544961e-01
-1.467266691403315004e-01,6.723828998217824537e-01,9.119525692558729801e-01,8.731297657906929022e-01,-6.128365487299136660e-02
9.564414806713579242e-01,-5.529232155446583974e-01,2.511673449182332263e-01,-5.164556582365187332e-01,-2.250476236164766775e-01
-1.105896548832534521e-01,-3.968650067824694982e-01,-7.403934844596560261e-02,4.022158173015011329e-02,-9.584644060004876565e-01
6.180326815305714483e-01,2.161883342596728763e-01,6.395890993738131414e-01,-4.924264556086677125e-01,7.005266541405952285e-01
6.682661698674292605e-01,9.903508389745987461e-01,9.106658036561987579e-01,2.512998069444873916e-01,-9.204920166962655692e-01
6.974940597219696503e-01,9.370176534580574312e-01,-8.221756659005490242e-01,-8.383402822193843917e-01,-5.065518589876636391e-01
-2.060393810092422395e-01,2.713983136221262971e-01,9.908638643033182980e-01,-8.470802313370189296e-01,3.229888480864286926e-01
-9.002918939897810446e-01,-7.154535173821279237e-01,9.190995685082463673e-01,4.745702574690626729e-01,3.513334963078733608e-01
5.666515885342569003e-01,-2.231918055191202122e-01,9.011803171664742873e-01,-7.321652994028260419e-01,-3.556943089931157154e-01
-4.759606394186322031e-01,6.611037889235515941e-02,-8.909392801169462306e-01,-7.745767556117644226e-02,-1.720279795177859228e-01
3.192389990959780821e-01,7.939294460454033864e-01,9.906433763175572782e-01,-1.928770079353343547e-01,-4.147740037524758616e-01
7.661149035588199485e-01,-6.233309934936346330e-01,-8.391511250956376067e-01,4.055009889733378614e-01,-8.205154447665634621e-01
-1.684425074147646306e-01,9.269967884542895664e-01,-7.381715161029389627e-02,6.903051735974559122e-01,2.855186624258045924e-01
1.570019727921285746e-01,9.909439349375597228e-01,6.235148041066902458e-01,-8.722133848433872849e-01,-8.885727843495752065e-01
4.664080510914152544e-01,8.025528360157383467e-01,-6.324812778495330079e-01,8.592254307186799611e-01,-9.464071641564835158e-01
8.269013459214662465e-01,-9.653772853042479341e-01,-9.561676277589170603e-01,3.969100412732862182e-02,-4.077194003945217027e-02
-4.252686861722190237e-01,-9.241667963230739691e-01,8.476979309940155805e-01,2.507386474339943216e-01,-4.329307134953466196e-01
-2.709992532621767758e-01,3.811277999720692478e-01,5.478895870659021838e-01,-3.873919876826756870e-01,2.520071082726851319e-01
8.305425411188043228e-01,-6.891698606622582712e-01,8.230133201319116409e-01,-9.527752500104944566e-01,5.229573547680186341e-01
-6.513480716942687820e-02,-7.562094901906335487e-01,-9.966458345578059763e-01,1.148818662461195128e-01,-8.174560528258225656e-01
8.626556812478147762e-03,2.009313748896619511e-01,1.576704833495703451e-01,-7.979621568951729138e-01,1.844022823940478784e-01
-7.444353660630804725e-01,4.821219652950032852e-01,7.882252671302136804e-01,2.593424724630533085e-01,5.502693578326915969e-01
4.992010475432595573e-01,5.693839545933758739e-01,9.533217458013765189e-01,-2.537861552193110271e-02,5.762231982090060267e-01
-4.216742624207954204e-01,1.341450251662368309e-02,-8.487523332401782916e-01,-3.091875247650628378e-01,4.086380907390396722e-01
7.995878638900746349e-01,-6.751285846181465100e-01,9.874013594699773133e-01,-8.637733620943497392e-01,9.949089407077515990e-01
7.069731641624064089e-01,-8.055012365755653825e-01,2.517182654560696786e-01,7.780144211813839750e-01,1.184393716078302461e-01
-4.126600281668904024e-01,4.543226082160600754e-01,7.366458114187572903e-01,1.828824504425032860e-01,8.558204528026498448e-01
-8.323799209297642054e-01,-8.475540529531722100e-01,-9.900847766517317794e-01,-7.199790404595172166e-01,2.388616734270101460e-01
1.189496570450094826e-01,4.400227488486199157e-01,-6.171232762445388875e-01,8.781909814646648993e-01,-8.860139407894880303e-01
-3.550605912138826703e-02,9.175411621464646394e-01,-9.565371495606689312e-01,8.799768223589807814e-01,7.658087027316069495e-01
9.098189305964163864e-01,2.764192854822831169e-01,5.744540731989931093e-01,-2.229074551535359383e-02,-6.911200855669970000e-01
5.006227458088248206e-01,5.914574667171919042e-01,-6.223806764613901699e-01,-7.759581824599370847e-02,9.983998796333919401e-01
7.778931154086266009e-01,-6.453011282368867896e-01,6.936406543710598172e-01,2.704530709620289741e-02,-8.979567927631737501e-01
5.695574995453680511e-01,3.549235487075086404e-02,-6.801546174024948321e-01,-7.693184684739697854e-01,-8.160449503554001449e-01
2.740253617568546574e-01,1.937509081969477354e-01,5.330660788675936068e-01,-8.628600504899202051e-01,4.308466895763500837e-01
8.665234833640846901e-01,7.320782403544567885e-02,-4.101297515153727868e-01,-5.077210155660911717e-01,7.786009740747696917e-01
2.781703831394557458e-01,-4.025239637997921616e-01,-1.792152705996374884e-01,2.180137815240115184e-01,-5.882223702340934057e-01
-5.234559294308982480e-01,3.929811564272900348e-01,-1.733860371807138812e-02,-4.351499979136272955e-01,-8.862595625639504426e-01
2.268495006108566248e-01,-6.286921428484928409e-01,-4.375642796908574272e-01,-6.564169083143553962e-01,-7.307411679803592630e-01
8.819917634845118037e-01,-6.836835885474004115e-01,-5.681759900644733907e-01,-4.736627458698112747e-01,8.817948065244989309e-01
4.064094306577665794e-01,-3.258536369629916329e-01,6.689567814063779316e-02,-2.774507666263126282e-01,4.969893007897074888e-01
-4.009535641153751939e-01,-8.867183910082720999e-01,3.414816681213657112e-01,7.746193432758086139e-01,7.055906559464317773e-01
9.823397461356320193e-01,7.322933770952282373e-01,4.905853033893001758e-01,-2.668918644626558923e-01,-4.403448400515213024e-01
-9.089082802534074190e-01,4.271322552926481997e-02,-4.442185486889238533e-02,-8.577330028257692529e-01,-2.014440015755984970e-01
-3.433794385668105242e-01,9.942823057229634998e-01,3.049152927193590212e-01,-6.842124053029672304e-01,-7.291573106150341932e-01
-7.498832175038412373e-01,-3.032856132166066310e-01,-5.960233963300942683e-01,-8.103527585664089816e-01,2.698135833282593321e-01
6.760754879054871047e-01,-4.835750486557128802e-01,-2.054937812887289716e-01,7.353064265546587208e-01,-5.725828077745547251e-01
1.925930439696810215e-01,9.805530640894233319e-01,3.535856343404681912e-01,7.642136416950011668e-01,9.372889157119810299e-01
-2.477951947423320256e-01,5.484606943849563709e-01,6.484957917322518028e-01,3.202495651652466080e-01,-9.796922543104507053e-01
-6.953915007534554604e-01,7.771160926875440023e-01,7.166854716269963621e-01,4.560307602150668327e-01,-8.724196427216117655e-01
-2.493391531549009610e-01,-6.539842923007841424e-01,1.014367429124396480e-01,-3.195053206142752789e-01,1.389187625357843903e-01
-6.895191574693873005e-01,-5.315385538019592460e-01,-4.440238546008625775e-01,2.902046851311634867e-02,2.718169070240745722e-01
1.273996704199276131e-01,1.274558011555853021e-01,9.406376401168417001e-01,-7.222543383644191017e-01,-9.017880213068696360e-01
9.614046275754071225e-01,4.186730624035848169e-01,8.900996679133170719e-01,-4.486340929926999621e-01,-3.522304707935997037e-01
-5.536571237577070370e-01,9.594964253117395092e-01,9.713750069904831808e-01,2.687293954665559426e-01,-1.690676081033974931e-01
-8.358240254299718064e-01,-2.210773122500353516e-02,-1.516057394097316546e-01,-4.524821095259905501e-01,1.244682093639393194e-02
-9.406545114857296497e-01,2.317051556974702997e-01,-6.968608092068890869e-01,-4.343642338646318546e-01,-1.453145621889677663e-01
-8.137007325946277181e-01,-8.463855505787010181e-02,-3.337371929755361677e-02,6.149302341339311084e-01,-6.992759416124427752e-01
-6.572097345809038149e-01,1.807006200542771168e-01,-7.189348986437176237e-01,1.402346498165829569e-01,4.823888774457865125e-01
-2.922668582652538927e-01,-4.187375481242832098e-01,-3.899186817199657984e-01,6.377537443871013068e-01,3.124949919385471286e-01
-2.252486732489558108e-01,-6.475282798272901097e-01,-7.909648218975153799e-01,-9.293253406528994010e-01,-4.099261550633943596e-01
7.122468640310266608e-01,3.421344139784607830e-01,-1.172085753390064156e-01,5.770924043115259749e-01,8.128176031354454878e-01
7.580722218114464006e-01,-6.865462720107085026e-02,-2.007740590652979940e-01,-4.003487878042051307e-01,-2.995813853821882589e-02
-5.838692291157452363e-01,1.714790320252170819e-01,-7.503836116318769456e-01,5.971040085419887511e-01,-2.312008741028679371e-01
-4.965723713044651877e-01,3.239674849426781300e-01,1.320965147994748179e-01,5.567399975896556441e-01,8.337269573689622959e-01
-7.641361505361752293e-01,-5.656846873322880498e-01,-9.777587686811670675e-01,3.217503942316770615e-01,2.065915082080547194e-01
8.708374747889722212e-01,1.809435641296608388e-02,5.825798588590433980e-01,-2.198983135775094411e-01,-2.918772127151070261e-01
-5.167948261728938508e-01,4.535575998814014298e-01,3.873663315094033610e-01,-6.886759403123412504e-01,2.669800983676169359e-01
-4.159195517643470286e-01,-1.474253156554103938e-01,-7.184958281957620763e-02,-1.791963260615294651e-01,8.400849406006885012e-01
1.878725543419010879e-01,6.076759192287450873e-03,6.223224618666201025e-01,8.680811174112901263e-02,-5.757618579372554279e-01
-2.699244804903422335e-01,7.390385910291283889e-01,9.229349900089116598e-01,5.912509528416109994e-01,-6.799430768308238893e-01
3.875116254687371864e-01,5.532208468093102738e-04,3.469174214106380827e-01,-7.458127312383349139e-01,-4.115941452472176021e-01
4.227998828107182305e-02,-2.263325564198084283e-01,8.617926386445187159e-01,7.560908376136217246e-01,9.799867060436096011e-01
-5.981133140569412365e-01,8.178292592245097747e-01,-7.829649383332546453e-01,8.072972295260671949e-01,-2.924864012252079704e-01
-6.759948013755689988e-01,6.556725562551248832e-01,1.873359921713788623e-01,6.996807786380823124e-01,-2.315646902186092593e-01
9.456078687672651029e-01,6.626245835016395525e-01,3.724574379184371065e-01,-8.441378398998062860e-01,7.890157439980749476e-01
1.473644563183205136e-01,8.621599274231384058e-02,-9.768779243399647871e-01,2.843771843012905531e-01,8.306095735312157835e-01
-9.834397399654122296e-01,5.051848846751463284e-01,1.398746903619205728e-01,2.953746953508138429e-01,7.158685449154524871e-01
7.037007965400114973e-01,-2.865403028776700722e-01,1.440859504195493024e-01,-2.906030793308083116e-01,-8.482236670855445304e-01
-7.902750552552391117e-01,-7.225116667751125821e-01,1.973543904915839864e-01,5.927831846008668748e-02,-8.434315191629515596e-01
-6.125744560084855905e-03,6.447011975024341535e-01,-4.203268208832791064e-01,-1.640846514128195821e-01,1.832595619891179695e-01
5.885437182682735635e-01,-3.765611231024856842e-02,-8.368354449381332216e-01,2.225007929648377125e-01,6.027732876267211104e-02
1.899567974096827427e-01,-8.363233284778013310e-01,-8.856192376801668154e-01,7.939860203635129565e-03,-9.735264007943111864e-02
-8.721858589903710435e-01,3.611105277370585398e-02,-1.357220041787006171e-01,7.663525161549207265e-01,-1.982207182291517711e-01
8.405118999817136061e-01,-1.838571599594527317e-01,4.732660868260885056e-01,5.105135243753642360e-01,-8.386628805492495342e-01
3.470418138937159114e-02,-8.073156663636926744e-01,-2.588675261444819409e-01,4.399111545993956707e-01,-7.945314749560468126e-01
3.170434230958567579e-01,-9.262731906877257337e-01,-5.914855599224946303e-01,-9.316485375703709160e-01,-1.545541857129273389e-01
3.533679526153317152e-01,2.795879723240428660e-01,-2.192718443181289611e-01,9.677306922589423710e-01,4.765070201774028735e-01
5.312529115851123418e-01,-6.718725551161797149e-01,-8.798244051212189554e-02,-4.180814942560373559e-02,-5.261006094095712626e-01
9.408318948209468680e-01,5.391239179935143344e-01,-7.088287128690440309e-01,-2.627112624492888848e-01,6.721810873989231272e-01
2.263632433063866856e-01,-9.707851424573050725e-01,-6.338141729211255182e-01,7.128170438168439649e-01,-2.053768454340760830e-01
8.748094224396079088e-01,-4.822725143389672287e-01,-2.063627033737871486e-01,-9.670980368883541622e-01,7.209763692040853655e-01
-6.045366831704823696e-02,-5.607302731158319009e-01,1.680336340768726622e-01,-7.413596578046455221e-01,4.977928775387676641e-01
3.706481930091041210e-01,-4.708833394187503796e-01,-4.447962583612594667e-01,-2.664251105971571221e-02,3.712245295893406016e-01
-5.496381642554184488e-01,1.387450178588438554e-01,5.613505699115148850e-01,7.013009218931878230e-01,6.767992136498257594e-01
6.213529058712679021e-01,4.774590827646261193e-01,-4.515361081747311101e-01,6.234841153793166946e-01,-6.108638974438436176e-01
-4.741135037510137984e-01,-1.260550448956589964e-01,2.808639469593527949e-01,-4.911839540413305283e-01,3.744772063950190244e-01
1.395505016459372971e-01,6.101603440406480061e-01,2.020094791448514560e-01,7.623066750694684757e-03,1.351910534314419987e-01
-9.125434451111271716e-01,4.983722545750413069e-01,-1.523845943138104619e-01,6.751775799361745545e-01,7.771126576665292607e-01
3.012074855794097950e-01,-8.093627132587084549e-01,-7.967501890841577339e-01,-7.807648551618677768e-01,-5.965566809420534966e-01
9.950843102397188833e-01,8.496934726956140160e-02,6.060174511861631252e-01,-2.355248043862294693e-01,9.547652380732474242e-01
3.766807972013395123e-01,-2.760305388423147654e-01,-2.378769981703265923e-01,2.142082095578741185e-01,8.662770077335513186e-02
1.507280156698964646e-02,-4.077996511425616699e-01,2.438180850405149425e-01,8.663662005565162527e-01,-5.582114530697679378e-02
1.792135309543250177e-01,7.592311707104166807e-01,3.174629433114641852e-01,3.213335723924404252e-01,7.590942059433511968e-01
3.766076297675455820e-01,-6.675370889571434763e-01,1.709504484350370390e-01,-4.787642927552060446e-01,-9.807411359848170473e-01
5.350915601914678632e-01,1.127270410749379170e-01,-6.543488150984324569e-01,-1.595536988930845723e-02,-5.157400153545335098e-01
-2.607135431007783222e-01,-2.133093764063294095e-01,7.644579582505957038e-01,9.658732272564722887e-01,8.893173360674277994e-01
-3.362887238402292311e-01,6.951861075699643511e-01,6.181263675385240131e-01,-1.613786505489933631e-01,-7.268257045739101585e-01
-5.277963547132400457e-01,-8.792154066749384711e-01,1.835945893203949630e-01,5.599426395659019562e-01,4.875508478825107961e-01
3.777274935192531657e-02,-5.121206105133584430e-01,-2.099476486705686984e-01,-2.174866257083030163e-02,-2.863173155076226273e-02
-1.644289070836011390e-01,-4.452119886030152518e-01,-2.574111078537910657e-01,-3.080362008377182104e-01,-2.698086686864782369e-01
3.335568824049812697e-01,1.798406393771512235e-01,5.535019186668250768e-01,-9.345149664561436254e-02,7.471050514723254210e-01
7.143057392474438938e-01,-4.407395771238424853e-01,4.211384209613024954e-01,9.068484024129617183e-01,-5.241723941700016098e-01
-5.841562624013985072e-02,-2.987318762670312378e-01,-5.891608489666300130e-03,3.054623751204497140e-01,2.951352724076228284e-01
-4.768758943725552868e-01,8.666246552459309083e-01,7.109872171913740324e-01,-8.854535219992416550e-01,9.536270485900615324e-01
9.935569726765598464e-01,-1.587813780895674931e-02,-6.594699610049836735e-02,-7.008492791397415989e-01,2.659699011597160823e-01
3.344423176824977695e-01,8.895370004693874399e-01,4.357050751403686029e-01,9.517683948222188661e-01,7.681674129282656249e-01
4.935234658354059611e-02,5.451614587980497806e-01,1.835882163823268076e-01,6.653339257554273800e-01,3.436013005745475191e-01
3.627301394434054860e-01,-7.912742120366318410e-01,5.889111890349618683e-02,-3.547129238208286406e-01,8.226782670723320479e-02
-5.065388809849198370e-01,7.035199791854982454e-01,-6.027060405881023986e-01,-6.542519249855993646e-01,-6.684121451330893304e-01
1.688725480082229335e-01,-2.656466994769524081e-01,8.938674546998532922e-01,9.919348011894466577e-01,6.833551771853036971e-01
1.135321135129301329e-01,4.133402933678518298e-01,-9.685124547220302915e-02,4.929353758585148793e-01,5.363682931835722645e-01
-3.957894068412783906e-01,-4.348848449037170383e-01,3.013877387759860138e-01,8.452141629573795001e-02,8.360196378808384399e-01
-9.568494141406180820e-01,-7.041438218022122442e-02,3.126492057591494511e-01,5.707687014821622995e-01,-4.744352236358888586e-01
-3.551937010724965926e-01,3.618166482020526153e-01,9.018651768091667797e-01,-5.329363537052218547e-01,-3.419214684206446364e-01
2.894627311484498922e-01,3.695214406098366045e-01,-7.093388633097836848e-01,-4.067499723335723516e-01,-5.922621940264047868e-01
9.376969537089596685e-01,-2.195953104492027741e-01,6.620507606651671040e-01,-3.848841471902877398e-01,-8.306598744599555939e-01
-1.569165052035890184e-01,5.736238286419246268e-01,5.361332267360456871e-01,6.127704127235820142e-01,5.064514040321328459e-01
8.749151756107571565e-01,-4.219919022249649654e-01,-1.523275689372767250e-01,9.786823777126452129e-02,1.829721246017643743e-01
4.034783576416851592e-01,1.832243853033066472e-02,1.219249197085343628e-01,-6.790224507021325184e-01,7.365336130115627267e-01
-2.724301921613727639e-01,6.034960073091284460e-01,-5.275231200324461689e-01,-8.850454142455888018e-01,-9.013099594035223205e-01
2.009263338281113143e-01,-3.952499577195254243e-01,-3.734367130423317249e-01,4.747112600866005838e-01,6.843648770287065197e-01
6.782314241963549595e-01,8.922538348737960590e-01,5.378035215406451464e-01,5.403861273392307485e-01,6.275260564090463511e-01
8.353573554993745098e-01,1.224724278236415387e-01,3.164376346806774265e-02,9.680440826546066191e-02,5.620303505323016591e-01
3.580044291349437913e-02,-5.963564943447541289e-01,4.989646648182508581e-01,-9.237796309684220830e-01,6.038280184867022005e-01
9.237691458760182162e-01,-1.668769509334326884e-01,-4.548970373698322245e-01,-6.432212008988336116e-02,5.308826835701336844e-01
-6.555520173292070929e-01,4.093044172493087718e-01,-6.662079846983715026e-01,5.576104656103384460e-01,-6.456494637226777300e-01
-9.813189548190750511e-01,-6.467734945618475173e-02,-5.043036782171645971e-01,-4.917879329314656101e-01,8.507576990432978992e-01
-9.464587924714962242e-01,6.517317276316183516e-01,-8.154286373219521433e-01,9.015254170208537587e-01,5.130162488087519623e-01
-9.885781955359553841e-01,-3.365875492619521125e-01,5.903095428839273406e-01,6.401523131995039417e-01,3.903807751596917175e-01
6.794648023819258587e-01,3.751430059007796469e-01,6.386952131249781228e-01,6.683211716321424412e-01,-9.028950837574161170e-01
8.443455374801971391e-01,7.404185351108414359e-01,3.673314515404784153e-01,-4.402626404343057409e-02,-7.359755726062027215e-01
-5.314968408203277761e-01,7.259515927642499200e-01,9.268110965968328063e-01,1.541481360963230518e-01,-8.692625272694658456e-01
-3.817510547587787961e-02,-8.662091764929518156e-01,-8.201892752561996680e-01,-1.969202078149945301e-02,8.961937750312864992e-02
-9.459477799474349524e-01,-2.771879053757975164e-01,6.883264703664828676e-01,-2.694032590723474119e-01,-3.085855328648885454e-01
4.885923752581717849e-01,-8.727872529404354651e-01,-6.269758414553345816e-01,-5.947063698335430804e-01,4.549909246875571966e-02
6.858066559380280314e-01,-1.657994549645451787e-01,-6.087982354663896700e-01,3.107895045316277916e-03,3.514151443180508760e-01
-5.761458552073821515e-01,8.315304301834129941e-01,-1.848768953019508388e-01,-3.101797171128284347e-01,1.555115830792317411e-01
-3.006214179103849915e-01,-2.755243576307409015e-02,-1.113034729991586591e-01,-3.796802526322791138e-01,-2.205115242300292877e-01
-3.377987178409935787e-01,3.534064179542029116e-02,-5.965952798309086536e-01,5.726928932273618322e-01,3.190452698242212115e-01
1.702638341474214112e-01,1.457761497288583286e-01,8.845950487041791543e-01,8.972439816985755545e-01,3.282595701449455561e-01
3.511204288216762670e-01,-6.924879769028713383e-02,9.074839719202358879e-01,-9.533101410355113714e-01,6.018228131892280341e-01
6.152521086519284754e-01,-9.998588514658430793e-01,-1.344627467859571546e-01,8.658447073677002503e-01,1.126062000040173317e-02
-6.386367058031536814e-01,5.375939882848970175e-01,-1.653539822915912616e-01,4.534174374872488311e-01,-5.930243595463029482e-01
5.944105552178262641e-01,-4.683406627103621211e-01,7.447331861672519260e-01,3.265232782766447350e-01,-4.029539240764563601e-01
-3.415238626909338215e-01,5.340510700283762624e-01,-1.815254072629657323e-02,-3.928492851261897734e-01,-8.428631125654735268e-01
-4.195652743367372928e-01,5.918538403981024043e-01,6.256126195053159922e-01,6.124128746566379622e-01,2.329640155615875230e-01
-4.510158137605428941e-01,7.791289274054180591e-01,5.240373133428155583e-01,5.058210202220434493e-01,-1.213239923386821850e-02
6.829436206417838218e-01,3.116553871476357429e-02,6.529775528805532581e-01,1.378711590182624125e-01,3.378054792425606578e-01
5.931507907245017197e-01,9.155151025339876014e-01,5.163255722969273265e-03,9.368293205369089272e-01,-7.357048488136710418e-01
-3.788068688391275085e-01,8.145457458545548590e-01,-2.619945899455540239e-01,1.286876223785113904e-01,9.859978239091340413e-01
3.585952309198137122e-01,7.534013755086534925e-01,-3.621237669191414987e-01,2.912928538390682220e-01,-3.499278809334356311e-01
1.343210855873211429e-01,4.322672757906709240e-01,-6.591403892225216055e-01,9.249896833917259364e-02,-5.894247793702529492e-01
-7.579728190693002521e-01,-7.514660217488022820e-01,-1.063215765354366127e-01,-8.408935297853923352e-01,2.190389363364275699e-01
-1.711937787062134397e-01,3.681901215977629871e-01,2.046274776310321730e-01,1.042456764712158535e-01,9.090345679135112267e-01
-4.876123035275812256e-01,-4.800801326788821655e-01,5.819783085506082809e-01,4.694856082316347656e-01,-4.337372786997186758e-01
2.498206799084790042e-02,-1.505748611878710008e-01,-2.451572210680075248e-01,-5.483490040702645452e-01,-9.512276596415425445e-02
-6.077506209945191529e-01,-9.076209248539179875e-01,4.765029136821912203e-01,-3.436198729605854929e-01,-4.973824874308594435e-01
-7.049920253673547244e-02,3.756656309073218569e-01,-9.013632078553703852e-01,-5.762882321652655904e-01,2.589591004055999957e-01
-3.319625598311082282e-01,-8.636002175542509818e-01,-3.104426897583725253e-01,3.692463295129639889e-01,-4.323421760067982511e-01
4.044704600861737109e-01,5.380426560821769399e-01,8.788386355959798557e-01,2.269702961011661468e-01,2.109714159465148064e-01
7.145282566051940343e-01,-9.404471644649718964e-01,-5.452809358247687754e-01,-8.059852943983447648e-01,-3.377803356004147606e-01
-8.953452090481812675e-01,6.383577161895939156e-01,-7.056748345935015543e-01,9.238301543040443597e-01,-4.517124845020568102e-01
-6.694395638859189646e-01,4.653730709950660849e-01,3.996351395645554305e-01,-1.795286202240569118e-01,-3.011348354863148113e-01
-6.126930816777058642e-01,1.276293340686269762e-01,-1.251386335182211873e-01,3.629392062790366413e-01,8.093839446254551540e-01
-9.628772631924527037e-01,-9.903014486219061663e-01,-8.393318964774791890e-01,5.083151794223306208e-01,-7.148827164994677741e-01
2.893669184623746116e-01,-4.311816981662972559e-01,7.860034218229738912e-01,9.305163307071258050e-01,6.723736057767781826e-01
-1.487392126272957249e-02,1.738290605210064399e-01,9.078783962217322756e-01,8.456379137662513035e-01,4.095988244076222973e-01
2.646298331453948993e-01,3.343368791026630760e-01,5.291805221489915834e-01,-7.813512030918645657e-01,-1.499286569015425563e-01
6.428554142489750767e-02,-2.737415250360604180e-01,6.846582086972847758e-01,-8.423539666779951141e-01,-1.017666711639559907e-01
-4.518197917247932516e-01,4.146868587824450447e-01,3.256190978159914096e-01,-3.623589950954768657e-01,1.660991516349556996e-01
8.121078828073438061e-01,-5.093246847609420591e-01,-3.593438628691880687e-02,3.941821699884218155e-02,4.332178372458257432e-01
8.293374448098722596e-02,9.832577084871707562e-01,-5.497743359990217016e-01,3.270771127374285658e-01,-8.871094291731251857e-01
-5.476386092182796705e-01,1.144378159545547113e-01,-1.682480535253463305e-01,9.228594108241368055e-01,4.812943341136868280e-01
1.178511197108269570e-01,1.350402148622407150e-01,-1.591642030616324810e-02,-8.832566285656229255e-02,-8.472101074752991234e-01
-6.744763232012480625e-01,-2.229406200765948753e-02,9.013313320999489786e-01,-9.391882443329784280e-01,-5.125671256779444906e-01
1.985434077041186018e-01,-5.758787349902960706e-02,3.253184353402904794e-01,2.522712450493400649e-01,-4.804521718929464225e-01
9.780016268581279704e-01,1.469320330571519673e-01,-1.945805728354510489e-01,2.649020877610483993e-01,5.168673556081959664e-01
-6.735301212671964688e-01,4.915089745816081379e-01,-7.732660438969196637e-01,4.538521858446875612e-02,-4.495729838561375313e-01
-6.798545740436505724e-01,-3.949042657244299370e-01,-4.682127116756640284e-02,-2.516024807616379366e-01,-5.211015561139917818e-01
4.333486583100902845e-01,1.273477449461468680e-01,3.212063591750169422e-02,-6.551212718256280709e-01,-5.255369909182356913e-01
-8.859769325031463527e-01,7.080058128855999389e-01,8.277474575444980776e-01,6.534216945841802016e-01,2.029218673343702317e-01
-9.600757149430141357e-01,6.482516426912763308e-01,-1.944876728254025799e-01,6.191412388217620855e-01,-8.805120324990733938e-01
-1.310671972413803843e-01,-8.804260751252155348e-01,7.440769708464791687e-01,1.379118378304833303e-01,1.313136277179949296e-01
2.464100546299292649e-01,-6.210035868774854695e-01,-2.327268521447924954e-01,-2.660067010850379887e-01,7.979704717106028689e-02
-2.118431290645728104e-01,9.791308602139146000e-01,9.313441596437876946e-02,1.047861579396252019e-01,-5.027127602823266983e-01
-9.158340055023783677e-02,-9.452715891417029503e-01,6.698397946832046479e-02,-5.818301302813631004e-01,-9.399041967165127076e-01
4.791888835897990528e-01,9.998689921974683870e-01,4.153477735774024904e-01,-3.518773152710812369e-01,-4.870192649929250273e-01
-1.819853184272488544e-01,-3.108090496454971596e-01,1.313856363576204611e-01,6.442855989603490929e-01,6.595006388245108209e-01
6.845087397294560283e-01,3.725327999094332210e-01,-2.178924191346363060e-01,8.441604759513277045e-01,6.439067015260111493e-01
4.209502476882784894e-01,8.585029591917381353e-01,-5.357367431443325057e-01,-9.158058457478197578e-01,-7.534252555060394485e-02
-3.880714200750861043e-01,-4.289525555038609106e-01,4.367606847304177364e-01,-3.135644118853078144e-01,2.588618880469351069e-02
-9.002735346472934275e-02,-5.417069999579968709e-01,6.149170417164286917e-01,-8.636725033135979057e-01,7.576701349837782207e-01
6.183382813269626688e-01,-4.978635384015814846e-01,5.947028217285403873e-01,1.037516818500325844e-01,-7.183346980514084823e-01
-4.443049152919138489e-01,5.721738169067684954e-01,-5.624933591919549780e-01,-3.515802010276414258e-01,-5.080191097413309098e-01
-3.610664291364564793e-01,-3.988272058674908749e-01,9.168442849258968685e-01,3.814947870544203035e-01,3.725060363023080523e-01
2.739538232408080809e-01,-8.900381624217177379e-01,1.276906859017528095e-01,-6.827719182628901873e-01,3.752764253388363169e-01
4.917014108228447977e-01,-9.253300152094301456e-01,6.537572922515271223e-01,-5.785297898042394138e-01,9.417494020746040029e-01
-2.807692085612478738e-01,9.924211549637531604e-01,-2.161553592366127763e-01,-7.689184691462915833e-01,5.483903984327356262e-01
-8.358330085967640155e-01,-8.303090928131151571e-01,7.008293583418585548e-01,-4.363487884572736508e-01,-5.965377674679084308e-01
9.853204569134041968e-01,1.071239127254255408e-01,2.034888739608899932e-01,7.791408411954581226e-01,7.362034672850350514e-01
-6.214697452607933492e-01,6.291736549794808564e-01,-4.403813399231217840e-01,7.878291643960151358e-01,-6.112185979704933825e-01
-7.148188182469701335e-01,2.932068519331478829e-01,7.118439126345021961e-03,1.129524513068025371e-01,6.558326814116846037e-01
7.731501095849335758e-01,6.329453729960299313e-03,-8.485640130616312060e-01,3.125215186911023402e-02,7.791140547754791257e-01
5.314713776881967444e-01,9.686748753567029357e-01,-4.598976062338513415e-01,9.111142060912036378e-01,3.206652666177345345e-02
4.270821504144961533e-01,5.684599826791993937e-01,5.998959566208315053e-01,-7.755500397754546693e-01,5.571735785399012375e-01
-5.779243050294675665e-01,-6.685727494761755096e-01,-9.897483519954808351e-01,1.780123163301829958e-01,2.402866924193578502e-01
-9.400116964489195759e-01,4.075481184931017964e-02,9.054600579920955017e-01,-1.798161701615670349e-01,6.225760109422382449e-01
-2.164056731948524881e-01,1.307013923828419522e-01,-6.941142685717358596e-01,6.874332940964622551e-01,6.768403725621636724e-01
-5.855893863442407365e-02,-7.153861323718033738e-01,-5.291560605786544969e-01,-6.078395402595306862e-01,-7.236720796002451550e-01
-9.831414076861144657e-02,1.412024966610698762e-01,-3.332545849578718578e-01,9.107262702766918405e-01,6.168327383407390396e-01
4.530848014151271919e-01,-7.926246479194938299e-01,-4.902969241192070005e-01,1.906227056257896457e-01,5.063843025629990446e-01
6.143390162467421423e-01,-5.844403420285704254e-01,8.599038660890503394e-01,4.520324117835647915e-01,7.175123366300315553e-01
-6.510082012615487912e-01,6.197647107645907205e-01,-1.137896791721442202e-01,-2.262791653758642330e-01,-1.764012151064136003e-01
-6.961532760199431458e-01,-9.311888986033660665e-01,-7.072781797003329096e-01,-7.434423735837425440e-01,-9.258930651639563081e-01
9.527491396263785273e-01,-4.754677763986219219e-01,-1.009231522288864813e-01,-4.390936126135089879e-01,2.461140829343353431e-01
-1.445847073665431637e-01,-1.499579179480470259e-02,4.777701352670060686e-01,1.144846915049482217e-01,-8.652475455090882228e-01
-2.750932228400726487e-02,8.259708556849572059e-01,2.936219980350027736e-01,-4.899123545635213350e-01,-6.469598138733705373e-01
-5.310706022089797251e-01,-1.627528297268283630e-01,6.428146130021854532e-01,6.800847666412868087e-01,-8.183637946443282907e-01
1.168023734247383150e-01,-1.970659585403000680e-01,-9.451583142510515678e-01,3.136486333536780968e-02,6.518296765996349773e-01
-9.024301041695705905e-01,-8.238643339784190722e-02,-9.693819722395498051e-01,8.942543096679609338e-01,6.074036856206732615e-02
1.665180657714442347e-01,-8.619992478455265061e-01,-6.846395118699650784e-01,-9.856293269645763910e-01,-8.993681569837199685e-01
-3.721107701123438360e-02,-1.756004970348987726e-01,9.752652318894188266e-01,-8.943929360739177881e-01,-6.323740978061942464e-01
9.780363600506016830e-01,-6.635725001820589330e-01,2.400933268137648291e-01,-6.795568880681677193e-01,-2.718587442969337964e-01
2.994516942957730077e-01,2.757213740222901333e-01,-5.416345298087232862e-01,3.808291822846738839e-01,6.130822650586531530e-02
-9.984695256386102447e-01,8.245062426559308655e-01,3.026308414137250935e-01,-3.545943840478917863e-01,3.701259406225096971e-01
6.039376930362068130e-01,9.590834903574785297e-01,7.540878437489402231e-01,-2.891204782488736580e-01,6.893715226866830026e-01
-5.627950049943752919e-01,9.623637220467906594e-01,-9.491570135913702799e-01,6.593482928018423728e-02,4.396790611578114127e-01
-9.794211238008405651e-01,-7.272200435294977616e-01,4.885761705731124227e-01,-6.814486767088807628e-01,-9.777636158157867463e-01
-3.650054759017649086e-01,-4.490039875873157449e-01,7.108951206597557970e-01,4.882865953575667994e-01,-8.955459934239606845e-02
-5.028709937443909261e-01,-3.013128444046901944e-01,3.731677650100317933e-01,1.752166412557709663e-03,-2.806508135945855464e-01
-1.576284689647462489e-01,5.699926041712088942e-01,-2.383679227662967026e-01,9.949766049400086132e-01,-4.695306881527954168e-01
-6.378186864561543601e-01,-4.465847900099511048e-01,5.744419205001480844e-01,-5.523708293361218047e-01,-3.356822199554747588e-01
5.613837920796520553e-01,-4.570090694217914251e-01,-8.749580784488362184e-01,2.219460214209447724e-01,-3.855064092468316606e-01
-6.555339381605727045e-01,5.724577816295732813e-01,6.446757618335514639e-01,-7.517726359844612016e-01,-3.678536697259304766e-02
6.083946349664688391e-01,-2.082193393427105299e-01,-2.823165919138979074e-01,9.415707463232962926e-01,4.704447032301219966e-01
-7.380732414276773845e-01,-1.138596535178777458e-01,-7.428788765863130195e-01,3.472671646901572817e-01,8.002311779187682994e-01
9.694071396406023222e-01,-5.667648465729275831e-01,4.714353646884319460e-01,-9.943774334369008816e-01,8.422140054425144573e-01
-8.267968161376599845e-01,6.345213587710665237e-01,-4.523547780071746072e-01,-9.823121783520221140e-01,-7.840383095919212231e-02
4.492110212285045368e-01,6.682685145495148582e-02,8.047137634312686583e-01,-9.600446437679328593e-01,-4.162600670169389616e-01
7.110673390804711502e-02,1.681042670798340577e-01,6.464005625369291241e-01,8.930777472554098928e-01,-3.928749742831203484e-01
9.424371680286385278e-01,6.668105555792567252e-01,-1.715628991047390972e-01,-8.933729432997867814e-01,-3.282964439385955835e-01
1.811323382045233465e-01,-2.960458714679297110e-01,1.161735383785971187e-01,1.644121699395519887e-01,-6.151147099375797733e-01
-9.461118736570492960e-01,8.795965344605627401e-01,-6.881718763698874142e-02,-1.840483150948075686e-01,-4.985263580159291497e-01
1.379608608710232165e-01,3.573470707342611963e-01,-9.957925463287689016e-01,-6.143277349030655810e-01,6.899364947895247901e-02
-5.633860114353321791e-01,-1.912578805475537713e-01,6.827046636025790871e-01,5.642273907828661006e-01,-2.614495593244867688e-01
-8.556285651514419222e-01,-6.598171915009949373e-01,-5.534516025595164201e-01,1.473583563896774251e-02,4.294326740291944944e-01
-2.326642640425140574e-01,4.898751859934631359e-01,-1.249640115547010488e-01,-3.623250858929896179e-01,-2.388479325887249427e-01
2.578752159699730928e-01,8.174983465866365595e-01,4.942594304359111401e-01,3.322596000664956861e-02,-9.405752221217467124e-01
-2.094118806894558205e-01,2.885881069742337601e-01,-1.892944658730737473e-01,6.803443875859098711e-01,3.776116634870541056e-02
1.539621545594895835e-01,1.361324764873359516e-01,-3.533510545691709304e-01,1.328708649911929385e-01,9.472320944530925324e-01
-9.455953404391101991e-01,9.370138010438830989e-01,-2.464518040599212867e-01,-5.715491137272223909e-01,5.939708216468431168e-01
5.389524976296033998e-01,3.557869899062318098e-01,-1.754287474272324676e-01,-7.994430993084185033e-01,-6.673201836826125888e-01
-5.670537448542145587e-01,4.387089338552405682e-01,3.888877642964221337e-01,3.606592002437503108e-01,9.762660514234133835e-01
9.325199432777049324e-01,-4.663090008024801669e-01,3.890663560160192436e-01,4.013815980957269325e-02,4.409748226481993161e-01
5.668143699620924458e-01,-6.927792848828595584e-01,-4.328072351885920988e-01,4.046119393996241431e-01,-6.578984746729277244e-01
-9.180013071433008598e-01,2.964141297753524196e-01,3.991499254022230492e-01,-7.245356112298526607e-01,7.526442438933065304e-01
-8.842010352017655173e-01,-2.534762921507003330e-01,-3.165100370057478685e-01,7.370262426978577697e-01,-6.882478698665708272e-01
-1.963478407222685185e-02,1.431564253750194915e-02,7.819004898289201311e-01,5.597525625882413536e-01,4.310272112679136569e-01
2.569627637726303870e-01,-7.306387601345094573e-01,8.505274112841960665e-01,-5.975841338467973163e-01,-9.640499938113724632e-01
3.709370630216628495e-01,6.286480721343865596e-01,-2.759814393284409917e-02,-6.528275275318045079e-01,5.718878990729880929e-01
1.315245319049858086e-01,-8.808950982991903267e-02,3.636250218138352697e-01,6.578839782724155150e-02,-9.910246280113885753e-01
-6.702836413063713028e-01,-7.524702312073250354e-02,-2.647260978636760687e-01,8.098030804453197895e-01,-5.924588301519331246e-01
2.248940887174901704e-01,-1.332674665468231989e-01,-4.888092666939187758e-01,-5.378760745024944168e-01,-2.949508447160424929e-01
